Date;Daily_total_sunspot_number;Daily_North_sunspot_number;Daily_South_sunspot_number
1992-01-01;186;0;186
1992-01-02;190;18;172
1992-01-03;234;26;208
1992-01-04;243;54;189
1992-01-05;242;58;184
1992-01-06;245;79;166
1992-01-07;251;124;127
1992-01-08;270;132;138
1992-01-09;255;123;132
1992-01-10;242;123;119
1992-01-11;205;91;114
1992-01-12;189;79;110
1992-01-13;188;75;113
1992-01-14;143;42;101
1992-01-15;141;34;107
1992-01-16;115;26;89
1992-01-17;100;30;70
1992-01-18;94;26;68
1992-01-19;116;47;69
1992-01-20;152;78;74
1992-01-21;188;77;111
1992-01-22;168;56;112
1992-01-23;155;60;95
1992-01-24;148;54;94
1992-01-25;168;63;105
1992-01-26;196;62;134
1992-01-27;229;82;147
1992-01-28;247;88;159
1992-01-29;259;90;169
1992-01-30;290;91;199
1992-01-31;297;88;209
1992-02-01;341;96;245
1992-02-02;316;94;222
1992-02-03;278;80;198
1992-02-04;255;59;196
1992-02-05;235;43;192
1992-02-06;228;47;181
1992-02-07;225;64;161
1992-02-08;256;92;164
1992-02-09;268;107;161
1992-02-10;248;116;132
1992-02-11;261;128;133
1992-02-12;202;107;95
1992-02-13;212;105;107
1992-02-14;196;73;123
1992-02-15;159;63;96
1992-02-16;157;61;96
1992-02-17;156;56;100
1992-02-18;142;37;105
1992-02-19;145;55;90
1992-02-20;168;67;101
1992-02-21;196;89;107
1992-02-22;206;114;92
1992-02-23;215;130;85
1992-02-24;269;169;100
1992-02-25;275;170;105
1992-02-26;281;184;97
1992-02-27;275;175;100
1992-02-28;273;150;123
1992-02-29;252;133;119
1992-03-01;235;120;115
1992-03-02;175;79;96
1992-03-03;150;69;81
1992-03-04;130;64;66
1992-03-05;92;55;37
1992-03-06;98;60;38
1992-03-07;146;72;74
1992-03-08;150;48;102
1992-03-09;167;48;119
1992-03-10;177;42;135
1992-03-11;173;41;132
1992-03-12;177;37;140
1992-03-13;195;33;162
1992-03-14;184;30;154
1992-03-15;156;24;132
1992-03-16;151;27;124
1992-03-17;120;35;85
1992-03-18;106;28;78
1992-03-19;110;45;65
1992-03-20;124;63;61
1992-03-21;129;69;60
1992-03-22;127;65;62
1992-03-23;130;81;49
1992-03-24;154;106;48
1992-03-25;168;103;65
1992-03-26;164;81;83
1992-03-27;157;72;85
1992-03-28;156;74;82
1992-03-29;171;65;106
1992-03-30;151;49;102
1992-03-31;157;48;109
1992-04-01;147;41;106
1992-04-02;135;48;87
1992-04-03;125;48;77
1992-04-04;91;41;50
1992-04-05;71;21;50
1992-04-06;86;20;66
1992-04-07;91;18;73
1992-04-08;81;0;81
1992-04-09;83;0;83
1992-04-10;77;13;64
1992-04-11;88;13;75
1992-04-12;94;14;80
1992-04-13;97;26;71
1992-04-14;107;37;70
1992-04-15;117;39;78
1992-04-16;138;34;104
1992-04-17;167;41;126
1992-04-18;184;37;147
1992-04-19;198;43;155
1992-04-20;232;46;186
1992-04-21;251;37;214
1992-04-22;244;37;207
1992-04-23;237;46;191
1992-04-24;208;54;154
1992-04-25;227;74;153
1992-04-26;175;71;104
1992-04-27;137;70;67
1992-04-28;138;57;81
1992-04-29;127;41;86
1992-04-30;114;36;78
1992-05-01;113;44;69
1992-05-02;110;41;69
1992-05-03;115;32;83
1992-05-04;125;27;98
1992-05-05;123;26;97
1992-05-06;119;14;105
1992-05-07;92;9;83
1992-05-08;105;18;87
1992-05-09;101;29;72
1992-05-10;93;24;69
1992-05-11;87;24;63
1992-05-12;102;15;87
1992-05-13;111;26;85
1992-05-14;100;13;87
1992-05-15;83;0;83
1992-05-16;58;0;58
1992-05-17;52;0;52
1992-05-18;75;15;60
1992-05-19;69;28;41
1992-05-20;75;42;33
1992-05-21;141;60;81
1992-05-22;136;64;72
1992-05-23;145;54;91
1992-05-24;127;46;81
1992-05-25;84;48;36
1992-05-26;73;41;32
1992-05-27;102;64;38
1992-05-28;75;48;27
1992-05-29;52;39;13
1992-05-30;38;11;27
1992-05-31;42;22;20
1992-06-01;47;32;15
1992-06-02;57;41;16
1992-06-03;109;80;29
1992-06-04;112;80;32
1992-06-05;123;84;39
1992-06-06;106;91;15
1992-06-07;97;82;15
1992-06-08;91;77;14
1992-06-09;106;91;15
1992-06-10;112;88;24
1992-06-11;124;83;41
1992-06-12;154;88;66
1992-06-13;130;70;60
1992-06-14;116;71;45
1992-06-15;91;44;47
1992-06-16;97;41;56
1992-06-17;97;39;58
1992-06-18;89;33;56
1992-06-19;95;36;59
1992-06-20;85;38;47
1992-06-21;83;45;38
1992-06-22;104;68;36
1992-06-23;110;72;38
1992-06-24;106;82;24
1992-06-25;97;79;18
1992-06-26;89;74;15
1992-06-27;57;44;13
1992-06-28;65;48;17
1992-06-29;106;94;12
1992-06-30;101;84;17
1992-07-01;104;88;16
1992-07-02;88;77;11
1992-07-03;84;84;0
1992-07-04;95;84;11
1992-07-05;104;85;19
1992-07-06;103;70;33
1992-07-07;105;56;49
1992-07-08;111;35;76
1992-07-09;136;29;107
1992-07-10;172;21;151
1992-07-11;177;28;149
1992-07-12;176;28;148
1992-07-13;168;37;131
1992-07-14;201;41;160
1992-07-15;214;73;141
1992-07-16;212;91;121
1992-07-17;186;90;96
1992-07-18;136;76;60
1992-07-19;117;65;52
1992-07-20;88;56;32
1992-07-21;87;55;32
1992-07-22;89;53;36
1992-07-23;72;49;23
1992-07-24;57;34;23
1992-07-25;49;32;17
1992-07-26;72;41;31
1992-07-27;81;42;39
1992-07-28;71;38;33
1992-07-29;52;33;19
1992-07-30;63;47;16
1992-07-31;71;42;29
1992-08-01;93;47;46
1992-08-02;128;60;68
1992-08-03;147;63;84
1992-08-04;147;59;88
1992-08-05;134;48;86
1992-08-06;127;49;78
1992-08-07;123;39;84
1992-08-08;132;17;115
1992-08-09;132;0;132
1992-08-10;105;0;105
1992-08-11;85;13;72
1992-08-12;76;27;49
1992-08-13;87;33;54
1992-08-14;117;60;57
1992-08-15;108;68;40
1992-08-16;137;103;34
1992-08-17;128;105;23
1992-08-18;101;90;11
1992-08-19;98;85;13
1992-08-20;84;73;11
1992-08-21;68;55;13
1992-08-22;63;52;11
1992-08-23;51;38;13
1992-08-24;54;41;13
1992-08-25;28;17;11
1992-08-26;43;24;19
1992-08-27;48;32;16
1992-08-28;47;47;0
1992-08-29;57;44;13
1992-08-30;50;31;19
1992-08-31;51;21;30
1992-09-01;69;15;54
1992-09-02;72;0;72
1992-09-03;65;0;65
1992-09-04;68;15;53
1992-09-05;69;13;56
1992-09-06;77;16;61
1992-09-07;65;13;52
1992-09-08;56;21;35
1992-09-09;84;43;41
1992-09-10;79;51;28
1992-09-11;87;49;38
1992-09-12;93;50;43
1992-09-13;113;66;47
1992-09-14;113;63;50
1992-09-15;110;51;59
1992-09-16;112;57;55
1992-09-17;91;48;43
1992-09-18;79;37;42
1992-09-19;93;35;58
1992-09-20;91;32;59
1992-09-21;96;27;69
1992-09-22;97;21;76
1992-09-23;131;35;96
1992-09-24;132;32;100
1992-09-25;110;28;82
1992-09-26;124;28;96
1992-09-27;127;37;90
1992-09-28;91;29;62
1992-09-29;106;46;60
1992-09-30;119;66;53
1992-10-01;128;77;51
1992-10-02;147;80;67
1992-10-03;143;90;53
1992-10-04;158;92;66
1992-10-05;183;95;88
1992-10-06;170;78;92
1992-10-07;155;65;90
1992-10-08;132;60;72
1992-10-09;137;45;92
1992-10-10;110;33;77
1992-10-11;86;15;71
1992-10-12;62;14;48
1992-10-13;54;17;37
1992-10-14;65;32;33
1992-10-15;60;32;28
1992-10-16;81;48;33
1992-10-17;83;50;33
1992-10-18;110;59;51
1992-10-19;138;87;51
1992-10-20;113;65;48
1992-10-21;147;75;72
1992-10-22;156;74;82
1992-10-23;143;72;71
1992-10-24;171;78;93
1992-10-25;170;69;101
1992-10-26;188;60;128
1992-10-27;207;62;145
1992-10-28;197;44;153
1992-10-29;167;18;149
1992-10-30;150;23;127
1992-10-31;123;17;106
1992-11-01;147;34;113
1992-11-02;124;20;104
1992-11-03;96;14;82
1992-11-04;121;15;106
1992-11-05;134;25;109
1992-11-06;134;20;114
1992-11-07;136;21;115
1992-11-08;104;25;79
1992-11-09;107;44;63
1992-11-10;104;48;56
1992-11-11;119;65;54
1992-11-12;117;49;68
1992-11-13;88;35;53
1992-11-14;97;31;66
1992-11-15;99;30;69
1992-11-16;119;30;89
1992-11-17;141;20;121
1992-11-18;144;14;130
1992-11-19;152;14;138
1992-11-20;138;13;125
1992-11-21;120;14;106
1992-11-22;134;20;114
1992-11-23;162;15;147
1992-11-24;172;31;141
1992-11-25;176;39;137
1992-11-26;164;42;122
1992-11-27;164;59;105
1992-11-28;140;54;86
1992-11-29;130;52;78
1992-11-30;104;52;52
1992-12-01;96;55;41
1992-12-02;83;50;33
1992-12-03;87;43;44
1992-12-04;87;37;50
1992-12-05;75;24;51
1992-12-06;71;16;55
1992-12-07;50;0;50
1992-12-08;93;12;81
1992-12-09;134;12;122
1992-12-10;146;13;133
1992-12-11;171;15;156
1992-12-12;161;15;146
1992-12-13;167;13;154
1992-12-14;170;16;154
1992-12-15;165;13;152
1992-12-16;161;15;146
1992-12-17;155;12;143
1992-12-18;145;25;120
1992-12-19;143;40;103
1992-12-20;143;53;90
1992-12-21;124;46;78
1992-12-22;134;46;88
1992-12-23;117;16;101
1992-12-24;115;28;87
1992-12-25;120;39;81
1992-12-26;133;69;64
1992-12-27;108;58;50
1992-12-28;127;65;62
1992-12-29;115;62;53
1992-12-30;102;58;44
1992-12-31;83;43;40
1993-01-01;63;12;51
1993-01-02;56;12;44
1993-01-03;52;11;41
1993-01-04;71;22;49
1993-01-05;98;14;84
1993-01-06;115;11;104
1993-01-07;111;36;75
1993-01-08;122;37;85
1993-01-09;129;41;88
1993-01-10;137;47;90
1993-01-11;125;51;74
1993-01-12;129;47;82
1993-01-13;132;40;92
1993-01-14;95;29;66
1993-01-15;80;22;58
1993-01-16;81;23;58
1993-01-17;85;27;58
1993-01-18;91;23;68
1993-01-19;93;23;70
1993-01-20;71;11;60
1993-01-21;65;10;55
1993-01-22;47;11;36
1993-01-23;41;11;30
1993-01-24;62;26;36
1993-01-25;70;37;33
1993-01-26;51;25;26
1993-01-27;59;11;48
1993-01-28;51;0;51
1993-01-29;48;0;48
1993-01-30;49;0;49
1993-01-31;44;0;44
1993-02-01;31;0;31
1993-02-02;48;14;34
1993-02-03;103;68;35
1993-02-04;119;80;39
1993-02-05;167;97;70
1993-02-06;170;104;66
1993-02-07;180;114;66
1993-02-08;188;126;62
1993-02-09;177;104;73
1993-02-10;160;86;74
1993-02-11;133;64;69
1993-02-12;136;73;63
1993-02-13;129;67;62
1993-02-14;115;55;60
1993-02-15;103;38;65
1993-02-16;124;55;69
1993-02-17;96;48;48
1993-02-18;112;55;57
1993-02-19;124;47;77
1993-02-20;136;38;98
1993-02-21;129;50;79
1993-02-22;140;60;80
1993-02-23;142;69;73
1993-02-24;126;52;74
1993-02-25;124;59;65
1993-02-26;121;63;58
1993-02-27;121;69;52
1993-02-28;124;72;52
1993-03-01;112;74;38
1993-03-02;117;85;32
1993-03-03;123;73;50
1993-03-04;136;75;61
1993-03-05;154;72;82
1993-03-06;141;53;88
1993-03-07;136;45;91
1993-03-08;120;44;76
1993-03-09;125;40;85
1993-03-10;119;38;81
1993-03-11;126;56;70
1993-03-12;113;56;57
1993-03-13;98;54;44
1993-03-14;82;61;21
1993-03-15;88;51;37
1993-03-16;82;44;38
1993-03-17;88;43;45
1993-03-18;101;41;60
1993-03-19;106;40;66
1993-03-20;103;49;54
1993-03-21;114;63;51
1993-03-22;107;53;54
1993-03-23;92;37;55
1993-03-24;62;19;43
1993-03-25;59;37;22
1993-03-26;67;47;20
1993-03-27;75;47;28
1993-03-28;75;46;29
1993-03-29;79;51;28
1993-03-30;85;47;38
1993-03-31;90;38;52
1993-04-01;102;32;70
1993-04-02;102;33;69
1993-04-03;114;18;96
1993-04-04;102;14;88
1993-04-05;114;14;100
1993-04-06;135;12;123
1993-04-07;120;0;120
1993-04-08;123;15;108
1993-04-09;132;33;99
1993-04-10;120;29;91
1993-04-11;85;30;55
1993-04-12;56;29;27
1993-04-13;33;17;16
1993-04-14;23;12;11
1993-04-15;20;20;0
1993-04-16;20;20;0
1993-04-17;52;40;12
1993-04-18;74;44;30
1993-04-19;77;33;44
1993-04-20;135;59;76
1993-04-21;149;55;94
1993-04-22;141;50;91
1993-04-23;146;55;91
1993-04-24;149;58;91
1993-04-25;133;57;76
1993-04-26;80;45;35
1993-04-27;94;36;58
1993-04-28;82;36;46
1993-04-29;62;17;45
1993-04-30;58;15;43
1993-05-01;42;20;22
1993-05-02;41;21;20
1993-05-03;54;28;26
1993-05-04;89;39;50
1993-05-05;99;40;59
1993-05-06;96;51;45
1993-05-07;95;65;30
1993-05-08;104;80;24
1993-05-09;112;86;26
1993-05-10;154;110;44
1993-05-11;161;116;45
1993-05-12;149;108;41
1993-05-13;109;95;14
1993-05-14;76;63;13
1993-05-15;66;66;0
1993-05-16;48;48;0
1993-05-17;41;41;0
1993-05-18;31;18;13
1993-05-19;18;9;9
1993-05-20;42;29;13
1993-05-21;32;18;14
1993-05-22;24;14;10
1993-05-23;28;17;11
1993-05-24;42;29;13
1993-05-25;68;56;12
1993-05-26;85;61;24
1993-05-27;76;76;0
1993-05-28;95;95;0
1993-05-29;117;107;10
1993-05-30;125;111;14
1993-05-31;123;108;15
1993-06-01;147;126;21
1993-06-02;142;120;22
1993-06-03;141;103;38
1993-06-04;115;88;27
1993-06-05;105;71;34
1993-06-06;116;73;43
1993-06-07;101;58;43
1993-06-08;77;41;36
1993-06-09;64;31;33
1993-06-10;66;32;34
1993-06-11;52;28;24
1993-06-12;25;25;0
1993-06-13;14;14;0
1993-06-14;14;14;0
1993-06-15;14;14;0
1993-06-16;18;18;0
1993-06-17;24;24;0
1993-06-18;22;22;0
1993-06-19;21;11;10
1993-06-20;34;14;20
1993-06-21;36;15;21
1993-06-22;38;20;18
1993-06-23;71;40;31
1993-06-24;70;42;28
1993-06-25;82;43;39
1993-06-26;82;38;44
1993-06-27;94;39;55
1993-06-28;96;28;68
1993-06-29;110;21;89
1993-06-30;98;0;98
1993-07-01;81;0;81
1993-07-02;85;15;70
1993-07-03;92;18;74
1993-07-04;111;36;75
1993-07-05;101;46;55
1993-07-06;81;41;40
1993-07-07;62;29;33
1993-07-08;56;24;32
1993-07-09;53;24;29
1993-07-10;43;17;26
1993-07-11;49;34;15
1993-07-12;49;34;15
1993-07-13;71;54;17
1993-07-14;87;39;48
1993-07-15;92;56;36
1993-07-16;87;55;32
1993-07-17;93;49;44
1993-07-18;111;36;75
1993-07-19;114;36;78
1993-07-20;99;29;70
1993-07-21;92;18;74
1993-07-22;81;18;63
1993-07-23;94;30;64
1993-07-24;92;28;64
1993-07-25;85;26;59
1993-07-26;76;22;54
1993-07-27;83;28;55
1993-07-28;82;29;53
1993-07-29;65;33;32
1993-07-30;62;33;29
1993-07-31;64;47;17
1993-08-01;56;40;16
1993-08-02;59;38;21
1993-08-03;53;41;12
1993-08-04;52;40;12
1993-08-05;40;28;12
1993-08-06;73;48;25
1993-08-07;64;43;21
1993-08-08;70;70;0
1993-08-09;87;75;12
1993-08-10;96;84;12
1993-08-11;108;90;18
1993-08-12;86;61;25
1993-08-13;89;53;36
1993-08-14;58;31;27
1993-08-15;43;0;43
1993-08-16;33;0;33
1993-08-17;43;0;43
1993-08-18;41;0;41
1993-08-19;41;0;41
1993-08-20;34;0;34
1993-08-21;46;16;30
1993-08-22;62;18;44
1993-08-23;62;19;43
1993-08-24;83;39;44
1993-08-25;79;49;30
1993-08-26;65;52;13
1993-08-27;73;58;15
1993-08-28;71;59;12
1993-08-29;73;61;12
1993-08-30;55;43;12
1993-08-31;44;34;10
1993-09-01;36;36;0
1993-09-02;33;33;0
1993-09-03;31;31;0
1993-09-04;32;22;10
1993-09-05;31;18;13
1993-09-06;19;19;0
1993-09-07;17;17;0
1993-09-08;17;17;0
1993-09-09;22;22;0
1993-09-10;13;13;0
1993-09-11;17;9;8
1993-09-12;13;7;6
1993-09-13;14;14;0
1993-09-14;14;7;7
1993-09-15;14;0;14
1993-09-16;32;8;24
1993-09-17;29;0;29
1993-09-18;26;0;26
1993-09-19;21;0;21
1993-09-20;21;0;21
1993-09-21;19;0;19
1993-09-22;19;10;9
1993-09-23;22;0;22
1993-09-24;32;0;32
1993-09-25;60;27;33
1993-09-26;60;27;33
1993-09-27;68;39;29
1993-09-28;72;57;15
1993-09-29;67;54;13
1993-09-30;64;53;11
1993-10-01;81;67;14
1993-10-02;120;85;35
1993-10-03;110;59;51
1993-10-04;126;71;55
1993-10-05;113;60;53
1993-10-06;89;46;43
1993-10-07;82;35;47
1993-10-08;88;26;62
1993-10-09;96;23;73
1993-10-10;73;14;59
1993-10-11;82;13;69
1993-10-12;71;13;58
1993-10-13;47;13;34
1993-10-14;39;14;25
1993-10-15;66;29;37
1993-10-16;71;29;42
1993-10-17;52;18;34
1993-10-18;47;15;32
1993-10-19;55;19;36
1993-10-20;79;33;46
1993-10-21;92;23;69
1993-10-22;77;14;63
1993-10-23;73;23;50
1993-10-24;69;21;48
1993-10-25;54;21;33
1993-10-26;63;34;29
1993-10-27;49;20;29
1993-10-28;37;19;18
1993-10-29;29;15;14
1993-10-30;38;23;15
1993-10-31;35;18;17
1993-11-01;18;0;18
1993-11-02;26;0;26
1993-11-03;24;0;24
1993-11-04;27;0;27
1993-11-05;41;11;30
1993-11-06;45;10;35
1993-11-07;46;14;32
1993-11-08;45;11;34
1993-11-09;35;13;22
1993-11-10;34;14;20
1993-11-11;19;0;19
1993-11-12;20;20;0
1993-11-13;28;28;0
1993-11-14;30;30;0
1993-11-15;37;37;0
1993-11-16;43;43;0
1993-11-17;50;50;0
1993-11-18;50;50;0
1993-11-19;57;57;0
1993-11-20;58;47;11
1993-11-21;76;64;12
1993-11-22;76;65;11
1993-11-23;72;72;0
1993-11-24;73;73;0
1993-11-25;54;54;0
1993-11-26;62;50;12
1993-11-27;60;44;16
1993-11-28;72;45;27
1993-11-29;74;35;39
1993-11-30;93;24;69
1993-12-01;94;34;60
1993-12-02;78;29;49
1993-12-03;84;18;66
1993-12-04;92;15;77
1993-12-05;88;11;77
1993-12-06;77;0;77
1993-12-07;91;0;91
1993-12-08;80;0;80
1993-12-09;74;14;60
1993-12-10;64;11;53
1993-12-11;43;10;33
1993-12-12;29;0;29
1993-12-13;24;0;24
1993-12-14;32;15;17
1993-12-15;11;11;0
1993-12-16;28;28;0
1993-12-17;31;31;0
1993-12-18;39;39;0
1993-12-19;25;25;0
1993-12-20;38;23;15
1993-12-21;52;52;0
1993-12-22;62;49;13
1993-12-23;76;76;0
1993-12-24;88;88;0
1993-12-25;105;95;10
1993-12-26;87;87;0
1993-12-27;97;97;0
1993-12-28;85;85;0
1993-12-29;102;82;20
1993-12-30;105;83;22
1993-12-31;139;88;51
1994-01-01;126;79;47
1994-01-02;113;53;60
1994-01-03;136;73;63
1994-01-04;151;89;62
1994-01-05;153;91;62
1994-01-06;148;91;57
1994-01-07;138;81;57
1994-01-08;119;82;37
1994-01-09;97;81;16
1994-01-10;69;69;0
1994-01-11;62;62;0
1994-01-12;60;60;0
1994-01-13;66;50;16
1994-01-14;53;38;15
1994-01-15;51;28;23
1994-01-16;43;43;0
1994-01-17;37;37;0
1994-01-18;44;34;10
1994-01-19;41;41;0
1994-01-20;51;51;0
1994-01-21;78;78;0
1994-01-22;95;95;0
1994-01-23;88;88;0
1994-01-24;103;103;0
1994-01-25;97;97;0
1994-01-26;98;98;0
1994-01-27;85;73;12
1994-01-28;72;57;15
1994-01-29;63;35;28
1994-01-30;56;31;25
1994-01-31;38;13;25
1994-02-01;45;12;33
1994-02-02;48;34;14
1994-02-03;59;47;12
1994-02-04;68;51;17
1994-02-05;59;40;19
1994-02-06;62;39;23
1994-02-07;71;34;37
1994-02-08;63;45;18
1994-02-09;62;42;20
1994-02-10;49;35;14
1994-02-11;45;45;0
1994-02-12;56;56;0
1994-02-13;71;71;0
1994-02-14;60;60;0
1994-02-15;52;52;0
1994-02-16;57;57;0
1994-02-17;66;66;0
1994-02-18;65;65;0
1994-02-19;43;43;0
1994-02-20;25;25;0
1994-02-21;29;29;0
1994-02-22;54;40;14
1994-02-23;51;36;15
1994-02-24;52;21;31
1994-02-25;45;17;28
1994-02-26;49;20;29
1994-02-27;59;17;42
1994-02-28;71;14;57
1994-03-01;73;0;73
1994-03-02;84;0;84
1994-03-03;93;0;93
1994-03-04;81;0;81
1994-03-05;75;0;75
1994-03-06;90;33;57
1994-03-07;78;33;45
1994-03-08;69;30;39
1994-03-09;61;27;34
1994-03-10;43;10;33
1994-03-11;48;21;27
1994-03-12;60;24;36
1994-03-13;54;23;31
1994-03-14;27;27;0
1994-03-15;39;39;0
1994-03-16;33;33;0
1994-03-17;33;33;0
1994-03-18;27;27;0
1994-03-19;19;19;0
1994-03-20;12;12;0
1994-03-21;25;25;0
1994-03-22;36;36;0
1994-03-23;33;33;0
1994-03-24;48;36;12
1994-03-25;55;27;28
1994-03-26;36;23;13
1994-03-27;22;0;22
1994-03-28;21;0;21
1994-03-29;21;0;21
1994-03-30;39;0;39
1994-03-31;36;0;36
1994-04-01;29;0;29
1994-04-02;0;0;0
1994-04-03;0;0;0
1994-04-04;0;0;0
1994-04-05;12;7;5
1994-04-06;0;0;0
1994-04-07;0;0;0
1994-04-08;14;7;7
1994-04-09;14;14;0
1994-04-10;15;15;0
1994-04-11;19;19;0
1994-04-12;17;17;0
1994-04-13;22;22;0
1994-04-14;20;20;0
1994-04-15;32;32;0
1994-04-16;20;20;0
1994-04-17;29;29;0
1994-04-18;29;17;12
1994-04-19;36;21;15
1994-04-20;48;34;14
1994-04-21;53;39;14
1994-04-22;65;65;0
1994-04-23;63;63;0
1994-04-24;68;54;14
1994-04-25;51;51;0
1994-04-26;51;51;0
1994-04-27;53;41;12
1994-04-28;26;26;0
1994-04-29;15;0;15
1994-04-30;20;0;20
1994-05-01;30;0;30
1994-05-02;59;44;15
1994-05-03;44;32;12
1994-05-04;20;0;20
1994-05-05;15;0;15
1994-05-06;17;0;17
1994-05-07;23;0;23
1994-05-08;32;0;32
1994-05-09;20;0;20
1994-05-10;28;0;28
1994-05-11;32;10;22
1994-05-12;45;32;13
1994-05-13;54;54;0
1994-05-14;52;52;0
1994-05-15;50;50;0
1994-05-16;55;55;0
1994-05-17;65;65;0
1994-05-18;55;55;0
1994-05-19;47;47;0
1994-05-20;42;42;0
1994-05-21;42;42;0
1994-05-22;35;35;0
1994-05-23;32;32;0
1994-05-24;15;15;0
1994-05-25;15;8;7
1994-05-26;0;0;0
1994-05-27;0;0;0
1994-05-28;0;0;0
1994-05-29;0;0;0
1994-05-30;0;0;0
1994-05-31;0;0;0
1994-06-01;0;0;0
1994-06-02;0;0;0
1994-06-03;0;0;0
1994-06-04;0;0;0
1994-06-05;0;0;0
1994-06-06;17;9;8
1994-06-07;23;0;23
1994-06-08;61;13;48
1994-06-09;61;28;33
1994-06-10;71;33;38
1994-06-11;89;49;40
1994-06-12;75;50;25
1994-06-13;84;46;38
1994-06-14;82;41;41
1994-06-15;77;40;37
1994-06-16;74;38;36
1994-06-17;60;30;30
1994-06-18;52;24;28
1994-06-19;43;0;43
1994-06-20;27;0;27
1994-06-21;17;9;8
1994-06-22;21;0;21
1994-06-23;34;0;34
1994-06-24;52;0;52
1994-06-25;40;0;40
1994-06-26;21;11;10
1994-06-27;14;0;14
1994-06-28;21;0;21
1994-06-29;37;0;37
1994-06-30;38;0;38
1994-07-01;46;0;46
1994-07-02;62;25;37
1994-07-03;56;24;32
1994-07-04;59;27;32
1994-07-05;39;17;22
1994-07-06;39;22;17
1994-07-07;68;30;38
1994-07-08;87;25;62
1994-07-09;71;26;45
1994-07-10;87;25;62
1994-07-11;104;30;74
1994-07-12;98;19;79
1994-07-13;85;16;69
1994-07-14;65;38;27
1994-07-15;62;17;45
1994-07-16;78;30;48
1994-07-17;77;31;46
1994-07-18;69;30;39
1994-07-19;39;16;23
1994-07-20;42;14;28
1994-07-21;39;17;22
1994-07-22;27;16;11
1994-07-23;23;23;0
1994-07-24;20;20;0
1994-07-25;17;17;0
1994-07-26;25;13;12
1994-07-27;20;20;0
1994-07-28;23;23;0
1994-07-29;10;6;4
1994-07-30;17;0;17
1994-07-31;14;0;14
1994-08-01;17;0;17
1994-08-02;15;15;0
1994-08-03;20;20;0
1994-08-04;21;21;0
1994-08-05;27;27;0
1994-08-06;26;26;0
1994-08-07;20;20;0
1994-08-08;18;18;0
1994-08-09;18;18;0
1994-08-10;23;23;0
1994-08-11;31;19;12
1994-08-12;55;15;40
1994-08-13;60;12;48
1994-08-14;67;23;44
1994-08-15;64;17;47
1994-08-16;66;14;52
1994-08-17;63;14;49
1994-08-18;60;0;60
1994-08-19;66;0;66
1994-08-20;46;0;46
1994-08-21;29;0;29
1994-08-22;15;0;15
1994-08-23;35;11;24
1994-08-24;18;0;18
1994-08-25;18;0;18
1994-08-26;18;0;18
1994-08-27;17;0;17
1994-08-28;20;0;20
1994-08-29;24;12;12
1994-08-30;34;12;22
1994-08-31;53;14;39
1994-09-01;60;13;47
1994-09-02;77;25;52
1994-09-03;93;36;57
1994-09-04;83;30;53
1994-09-05;102;30;72
1994-09-06;90;33;57
1994-09-07;90;35;55
1994-09-08;74;33;41
1994-09-09;65;27;38
1994-09-10;49;13;36
1994-09-11;30;0;30
1994-09-12;16;0;16
1994-09-13;14;0;14
1994-09-14;14;0;14
1994-09-15;13;7;6
1994-09-16;13;7;6
1994-09-17;19;19;0
1994-09-18;35;19;16
1994-09-19;22;11;11
1994-09-20;0;0;0
1994-09-21;0;0;0
1994-09-22;17;0;17
1994-09-23;19;0;19
1994-09-24;22;0;22
1994-09-25;25;0;25
1994-09-26;41;13;28
1994-09-27;44;13;31
1994-09-28;33;9;24
1994-09-29;27;0;27
1994-09-30;27;0;27
1994-10-01;24;0;24
1994-10-02;27;0;27
1994-10-03;24;0;24
1994-10-04;41;0;41
1994-10-05;73;14;59
1994-10-06;81;18;63
1994-10-07;70;24;46
1994-10-08;67;23;44
1994-10-09;76;41;35
1994-10-10;75;44;31
1994-10-11;73;49;24
1994-10-12;69;58;11
1994-10-13;73;73;0
1994-10-14;92;78;14
1994-10-15;87;73;14
1994-10-16;78;66;12
1994-10-17;60;60;0
1994-10-18;84;55;29
1994-10-19;86;49;37
1994-10-20;75;40;35
1994-10-21;63;29;34
1994-10-22;44;23;21
1994-10-23;43;20;23
1994-10-24;43;0;43
1994-10-25;41;17;24
1994-10-26;86;25;61
1994-10-27;87;29;58
1994-10-28;87;32;55
1994-10-29;84;38;46
1994-10-30;90;41;49
1994-10-31;78;34;44
1994-11-01;74;31;43
1994-11-02;79;30;49
1994-11-03;56;23;33
1994-11-04;46;16;30
1994-11-05;51;25;26
1994-11-06;39;24;15
1994-11-07;28;15;13
1994-11-08;26;13;13
1994-11-09;38;13;25
1994-11-10;39;13;26
1994-11-11;26;26;0
1994-11-12;28;28;0
1994-11-13;13;7;6
1994-11-14;15;15;0
1994-11-15;13;7;6
1994-11-16;13;0;13
1994-11-17;16;0;16
1994-11-18;31;0;31
1994-11-19;25;0;25
1994-11-20;15;8;7
1994-11-21;11;11;0
1994-11-22;13;13;0
1994-11-23;13;13;0
1994-11-24;13;13;0
1994-11-25;30;0;30
1994-11-26;28;0;28
1994-11-27;33;0;33
1994-11-28;38;0;38
1994-11-29;18;0;18
1994-11-30;16;0;16
1994-12-01;13;0;13
1994-12-02;11;0;11
1994-12-03;0;0;0
1994-12-04;12;0;12
1994-12-05;18;0;18
1994-12-06;15;0;15
1994-12-07;25;0;25
1994-12-08;31;0;31
1994-12-09;52;0;52
1994-12-10;54;0;54
1994-12-11;70;0;70
1994-12-12;63;0;63
1994-12-13;49;0;49
1994-12-14;43;0;43
1994-12-15;39;0;39
1994-12-16;32;0;32
1994-12-17;43;10;33
1994-12-18;42;17;25
1994-12-19;40;11;29
1994-12-20;26;11;15
1994-12-21;22;12;10
1994-12-22;37;25;12
1994-12-23;26;0;26
1994-12-24;37;17;20
1994-12-25;44;0;44
1994-12-26;53;16;37
1994-12-27;36;12;24
1994-12-28;21;12;9
1994-12-29;21;0;21
1994-12-30;12;6;6
1994-12-31;11;6;5
1995-01-01;13;7;6
1995-01-02;11;0;11
1995-01-03;15;0;15
1995-01-04;19;11;8
1995-01-05;15;15;0
1995-01-06;20;11;9
1995-01-07;9;5;4
1995-01-08;12;7;5
1995-01-09;12;0;12
1995-01-10;11;0;11
1995-01-11;12;0;12
1995-01-12;13;0;13
1995-01-13;11;0;11
1995-01-14;15;0;15
1995-01-15;16;0;16
1995-01-16;23;0;23
1995-01-17;31;0;31
1995-01-18;47;0;47
1995-01-19;57;12;45
1995-01-20;69;20;49
1995-01-21;74;30;44
1995-01-22;72;29;43
1995-01-23;73;31;42
1995-01-24;81;35;46
1995-01-25;66;27;39
1995-01-26;40;17;23
1995-01-27;31;15;16
1995-01-28;34;11;23
1995-01-29;24;11;13
1995-01-30;42;11;31
1995-01-31;43;0;43
1995-02-01;54;0;54
1995-02-02;63;0;63
1995-02-03;58;0;58
1995-02-04;54;0;54
1995-02-05;54;14;40
1995-02-06;52;14;38
1995-02-07;24;0;24
1995-02-08;18;0;18
1995-02-09;29;12;17
1995-02-10;35;14;21
1995-02-11;20;20;0
1995-02-12;21;21;0
1995-02-13;17;9;8
1995-02-14;26;14;12
1995-02-15;34;14;20
1995-02-16;40;17;23
1995-02-17;51;25;26
1995-02-18;47;14;33
1995-02-19;70;27;43
1995-02-20;70;27;43
1995-02-21;69;21;48
1995-02-22;72;18;54
1995-02-23;64;20;44
1995-02-24;46;20;26
1995-02-25;43;18;25
1995-02-26;40;12;28
1995-02-27;49;0;49
1995-02-28;63;0;63
1995-03-01;76;0;76
1995-03-02;83;0;83
1995-03-03;82;0;82
1995-03-04;97;0;97
1995-03-05;91;0;91
1995-03-06;57;0;57
1995-03-07;54;0;54
1995-03-08;30;0;30
1995-03-09;15;0;15
1995-03-10;0;0;0
1995-03-11;12;0;12
1995-03-12;18;0;18
1995-03-13;15;0;15
1995-03-14;15;0;15
1995-03-15;25;0;25
1995-03-16;19;0;19
1995-03-17;24;0;24
1995-03-18;52;21;31
1995-03-19;57;29;28
1995-03-20;61;30;31
1995-03-21;62;34;28
1995-03-22;67;34;33
1995-03-23;65;24;41
1995-03-24;65;21;44
1995-03-25;62;24;38
1995-03-26;61;15;46
1995-03-27;42;14;28
1995-03-28;28;0;28
1995-03-29;34;0;34
1995-03-30;34;0;34
1995-03-31;33;0;33
1995-04-01;20;0;20
1995-04-02;26;0;26
1995-04-03;29;0;29
1995-04-04;15;0;15
1995-04-05;0;0;0
1995-04-06;0;0;0
1995-04-07;0;0;0
1995-04-08;0;0;0
1995-04-09;0;0;0
1995-04-10;0;0;0
1995-04-11;15;0;15
1995-04-12;28;0;28
1995-04-13;48;0;48
1995-04-14;53;17;36
1995-04-15;65;20;45
1995-04-16;71;23;48
1995-04-17;74;26;48
1995-04-18;63;26;37
1995-04-19;53;22;31
1995-04-20;39;17;22
1995-04-21;20;0;20
1995-04-22;17;0;17
1995-04-23;0;0;0
1995-04-24;0;0;0
1995-04-25;0;0;0
1995-04-26;0;0;0
1995-04-27;12;0;12
1995-04-28;0;0;0
1995-04-29;0;0;0
1995-04-30;0;0;0
1995-05-01;12;12;0
1995-05-02;0;0;0
1995-05-03;0;0;0
1995-05-04;11;0;11
1995-05-05;13;0;13
1995-05-06;12;0;12
1995-05-07;11;0;11
1995-05-08;12;0;12
1995-05-09;13;0;13
1995-05-10;15;0;15
1995-05-11;16;0;16
1995-05-12;35;16;19
1995-05-13;35;35;0
1995-05-14;36;25;11
1995-05-15;48;36;12
1995-05-16;54;32;22
1995-05-17;58;27;31
1995-05-18;54;22;32
1995-05-19;47;21;26
1995-05-20;36;15;21
1995-05-21;17;0;17
1995-05-22;13;0;13
1995-05-23;0;0;0
1995-05-24;0;0;0
1995-05-25;0;0;0
1995-05-26;0;0;0
1995-05-27;0;0;0
1995-05-28;12;12;0
1995-05-29;16;16;0
1995-05-30;13;13;0
1995-05-31;12;12;0
1995-06-01;12;12;0
1995-06-02;13;7;6
1995-06-03;17;9;8
1995-06-04;20;10;10
1995-06-05;43;29;14
1995-06-06;35;19;16
1995-06-07;40;27;13
1995-06-08;40;27;13
1995-06-09;35;35;0
1995-06-10;43;27;16
1995-06-11;35;35;0
1995-06-12;29;29;0
1995-06-13;24;24;0
1995-06-14;17;17;0
1995-06-15;0;0;0
1995-06-16;0;0;0
1995-06-17;10;6;4
1995-06-18;13;13;0
1995-06-19;26;26;0
1995-06-20;19;19;0
1995-06-21;22;22;0
1995-06-22;24;24;0
1995-06-23;23;23;0
1995-06-24;19;19;0
1995-06-25;19;19;0
1995-06-26;17;17;0
1995-06-27;14;14;0
1995-06-28;13;13;0
1995-06-29;20;20;0
1995-06-30;33;33;0
1995-07-01;42;42;0
1995-07-02;35;35;0
1995-07-03;20;20;0
1995-07-04;20;20;0
1995-07-05;31;20;11
1995-07-06;38;23;15
1995-07-07;41;21;20
1995-07-08;35;20;15
1995-07-09;39;20;19
1995-07-10;30;14;16
1995-07-11;25;13;12
1995-07-12;18;10;8
1995-07-13;15;15;0
1995-07-14;18;18;0
1995-07-15;27;27;0
1995-07-16;24;24;0
1995-07-17;22;22;0
1995-07-18;20;20;0
1995-07-19;30;30;0
1995-07-20;32;21;11
1995-07-21;20;10;10
1995-07-22;15;15;0
1995-07-23;0;0;0
1995-07-24;0;0;0
1995-07-25;0;0;0
1995-07-26;10;6;4
1995-07-27;11;0;11
1995-07-28;0;0;0
1995-07-29;0;0;0
1995-07-30;0;0;0
1995-07-31;14;14;0
1995-08-01;18;18;0
1995-08-02;19;19;0
1995-08-03;22;22;0
1995-08-04;20;14;6
1995-08-05;20;20;0
1995-08-06;28;22;6
1995-08-07;23;15;8
1995-08-08;17;17;0
1995-08-09;11;6;5
1995-08-10;13;13;0
1995-08-11;14;14;0
1995-08-12;0;0;0
1995-08-13;11;0;11
1995-08-14;0;0;0
1995-08-15;15;9;6
1995-08-16;27;27;0
1995-08-17;17;9;8
1995-08-18;0;0;0
1995-08-19;0;0;0
1995-08-20;10;0;10
1995-08-21;0;0;0
1995-08-22;10;10;0
1995-08-23;19;19;0
1995-08-24;40;23;17
1995-08-25;38;22;16
1995-08-26;52;38;14
1995-08-27;41;29;12
1995-08-28;31;31;0
1995-08-29;18;18;0
1995-08-30;17;17;0
1995-08-31;14;14;0
1995-09-01;12;12;0
1995-09-02;11;11;0
1995-09-03;11;11;0
1995-09-04;21;21;0
1995-09-05;21;21;0
1995-09-06;11;11;0
1995-09-07;11;11;0
1995-09-08;0;0;0
1995-09-09;0;0;0
1995-09-10;0;0;0
1995-09-11;0;0;0
1995-09-12;12;12;0
1995-09-13;11;11;0
1995-09-14;0;0;0
1995-09-15;13;0;13
1995-09-16;11;0;11
1995-09-17;0;0;0
1995-09-18;0;0;0
1995-09-19;15;15;0
1995-09-20;28;28;0
1995-09-21;29;21;8
1995-09-22;40;29;11
1995-09-23;38;29;9
1995-09-24;40;28;12
1995-09-25;34;24;10
1995-09-26;33;22;11
1995-09-27;34;25;9
1995-09-28;12;12;0
1995-09-29;12;12;0
1995-09-30;11;11;0
1995-10-01;0;0;0
1995-10-02;0;0;0
1995-10-03;0;0;0
1995-10-04;0;0;0
1995-10-05;0;0;0
1995-10-06;0;0;0
1995-10-07;15;0;15
1995-10-08;13;7;6
1995-10-09;32;16;16
1995-10-10;42;17;25
1995-10-11;70;22;48
1995-10-12;83;19;64
1995-10-13;84;16;68
1995-10-14;78;12;66
1995-10-15;45;0;45
1995-10-16;62;14;48
1995-10-17;54;15;39
1995-10-18;41;10;31
1995-10-19;30;0;30
1995-10-20;26;12;14
1995-10-21;38;12;26
1995-10-22;38;12;26
1995-10-23;38;16;22
1995-10-24;36;17;19
1995-10-25;32;19;13
1995-10-26;32;20;12
1995-10-27;17;17;0
1995-10-28;15;15;0
1995-10-29;13;13;0
1995-10-30;0;0;0
1995-10-31;15;8;7
1995-11-01;0;0;0
1995-11-02;12;6;6
1995-11-03;12;6;6
1995-11-04;0;0;0
1995-11-05;0;0;0
1995-11-06;12;0;12
1995-11-07;12;0;12
1995-11-08;12;0;12
1995-11-09;14;0;14
1995-11-10;19;0;19
1995-11-11;14;0;14
1995-11-12;12;0;12
1995-11-13;12;0;12
1995-11-14;12;0;12
1995-11-15;31;0;31
1995-11-16;34;9;25
1995-11-17;51;15;36
1995-11-18;36;14;22
1995-11-19;16;10;6
1995-11-20;16;16;0
1995-11-21;14;14;0
1995-11-22;14;14;0
1995-11-23;14;14;0
1995-11-24;0;0;0
1995-11-25;0;0;0
1995-11-26;0;0;0
1995-11-27;0;0;0
1995-11-28;14;14;0
1995-11-29;17;9;8
1995-11-30;19;19;0
1995-12-01;24;14;10
1995-12-02;18;11;7
1995-12-03;24;12;12
1995-12-04;24;12;12
1995-12-05;21;11;10
1995-12-06;15;0;15
1995-12-07;15;0;15
1995-12-08;12;0;12
1995-12-09;28;0;28
1995-12-10;25;0;25
1995-12-11;27;0;27
1995-12-12;16;0;16
1995-12-13;15;0;15
1995-12-14;13;0;13
1995-12-15;12;0;12
1995-12-16;0;0;0
1995-12-17;0;0;0
1995-12-18;0;0;0
1995-12-19;0;0;0
1995-12-20;12;0;12
1995-12-21;13;0;13
1995-12-22;13;0;13
1995-12-23;12;0;12
1995-12-24;0;0;0
1995-12-25;18;0;18
1995-12-26;25;15;10
1995-12-27;27;12;15
1995-12-28;25;13;12
1995-12-29;13;13;0
1995-12-30;15;15;0
1995-12-31;0;0;0
1996-01-01;0;0;0
1996-01-02;14;14;0
1996-01-03;22;22;0
1996-01-04;35;35;0
1996-01-05;56;46;10
1996-01-06;55;55;0
1996-01-07;48;48;0
1996-01-08;41;41;0
1996-01-09;22;22;0
1996-01-10;13;13;0
1996-01-11;0;0;0
1996-01-12;0;0;0
1996-01-13;0;0;0
1996-01-14;0;0;0
1996-01-15;0;0;0
1996-01-16;0;0;0
1996-01-17;0;0;0
1996-01-18;0;0;0
1996-01-19;0;0;0
1996-01-20;0;0;0
1996-01-21;10;6;4
1996-01-22;0;0;0
1996-01-23;0;0;0
1996-01-24;13;13;0
1996-01-25;10;10;0
1996-01-26;10;10;0
1996-01-27;10;10;0
1996-01-28;12;12;0
1996-01-29;10;10;0
1996-01-30;19;19;0
1996-01-31;13;13;0
1996-02-01;16;16;0
1996-02-02;16;16;0
1996-02-03;12;12;0
1996-02-04;0;0;0
1996-02-05;0;0;0
1996-02-06;0;0;0
1996-02-07;0;0;0
1996-02-08;0;0;0
1996-02-09;0;0;0
1996-02-10;0;0;0
1996-02-11;0;0;0
1996-02-12;0;0;0
1996-02-13;0;0;0
1996-02-14;0;0;0
1996-02-15;12;12;0
1996-02-16;0;0;0
1996-02-17;0;0;0
1996-02-18;0;0;0
1996-02-19;0;0;0
1996-02-20;14;14;0
1996-02-21;17;17;0
1996-02-22;14;14;0
1996-02-23;14;14;0
1996-02-24;29;29;0
1996-02-25;23;23;0
1996-02-26;14;14;0
1996-02-27;12;12;0
1996-02-28;14;7;7
1996-02-29;16;0;16
1996-03-01;0;0;0
1996-03-02;0;0;0
1996-03-03;0;0;0
1996-03-04;12;12;0
1996-03-05;0;0;0
1996-03-06;19;10;9
1996-03-07;12;7;5
1996-03-08;0;0;0
1996-03-09;0;0;0
1996-03-10;0;0;0
1996-03-11;22;8;14
1996-03-12;22;0;22
1996-03-13;22;0;22
1996-03-14;18;0;18
1996-03-15;17;0;17
1996-03-16;14;0;14
1996-03-17;12;0;12
1996-03-18;12;0;12
1996-03-19;11;0;11
1996-03-20;0;0;0
1996-03-21;17;17;0
1996-03-22;22;22;0
1996-03-23;22;22;0
1996-03-24;19;19;0
1996-03-25;18;18;0
1996-03-26;32;32;0
1996-03-27;29;15;14
1996-03-28;25;15;10
1996-03-29;14;14;0
1996-03-30;0;0;0
1996-03-31;0;0;0
1996-04-01;0;0;0
1996-04-02;14;7;7
1996-04-03;16;7;9
1996-04-04;11;11;0
1996-04-05;0;0;0
1996-04-06;0;0;0
1996-04-07;0;0;0
1996-04-08;0;0;0
1996-04-09;0;0;0
1996-04-10;0;0;0
1996-04-11;0;0;0
1996-04-12;13;13;0
1996-04-13;11;11;0
1996-04-14;0;0;0
1996-04-15;0;0;0
1996-04-16;0;0;0
1996-04-17;14;14;0
1996-04-18;27;11;16
1996-04-19;16;7;9
1996-04-20;25;0;25
1996-04-21;17;0;17
1996-04-22;17;0;17
1996-04-23;11;0;11
1996-04-24;11;11;0
1996-04-25;0;0;0
1996-04-26;0;0;0
1996-04-27;0;0;0
1996-04-28;0;0;0
1996-04-29;0;0;0
1996-04-30;0;0;0
1996-05-01;0;0;0
1996-05-02;0;0;0
1996-05-03;0;0;0
1996-05-04;0;0;0
1996-05-05;0;0;0
1996-05-06;15;8;7
1996-05-07;17;9;8
1996-05-08;18;0;18
1996-05-09;17;0;17
1996-05-10;20;7;13
1996-05-11;25;0;25
1996-05-12;22;0;22
1996-05-13;21;0;21
1996-05-14;20;0;20
1996-05-15;15;0;15
1996-05-16;13;0;13
1996-05-17;11;0;11
1996-05-18;11;6;5
1996-05-19;0;0;0
1996-05-20;11;6;5
1996-05-21;0;0;0
1996-05-22;0;0;0
1996-05-23;0;0;0
1996-05-24;0;0;0
1996-05-25;0;0;0
1996-05-26;0;0;0
1996-05-27;0;0;0
1996-05-28;0;0;0
1996-05-29;0;0;0
1996-05-30;0;0;0
1996-05-31;0;0;0
1996-06-01;11;11;0
1996-06-02;11;11;0
1996-06-03;11;11;0
1996-06-04;13;13;0
1996-06-05;16;16;0
1996-06-06;32;18;14
1996-06-07;28;17;11
1996-06-08;28;28;0
1996-06-09;35;22;13
1996-06-10;17;17;0
1996-06-11;13;13;0
1996-06-12;13;13;0
1996-06-13;0;0;0
1996-06-14;0;0;0
1996-06-15;0;0;0
1996-06-16;0;0;0
1996-06-17;0;0;0
1996-06-18;14;14;0
1996-06-19;24;24;0
1996-06-20;11;11;0
1996-06-21;11;11;0
1996-06-22;11;11;0
1996-06-23;24;24;0
1996-06-24;25;25;0
1996-06-25;24;24;0
1996-06-26;25;25;0
1996-06-27;25;25;0
1996-06-28;25;25;0
1996-06-29;24;24;0
1996-06-30;24;24;0
1996-07-01;12;12;0
1996-07-02;14;14;0
1996-07-03;13;13;0
1996-07-04;0;0;0
1996-07-05;12;0;12
1996-07-06;0;0;0
1996-07-07;20;0;20
1996-07-08;37;0;37
1996-07-09;39;0;39
1996-07-10;37;0;37
1996-07-11;29;0;29
1996-07-12;19;0;19
1996-07-13;13;0;13
1996-07-14;0;0;0
1996-07-15;0;0;0
1996-07-16;0;0;0
1996-07-17;0;0;0
1996-07-18;0;0;0
1996-07-19;0;0;0
1996-07-20;0;0;0
1996-07-21;0;0;0
1996-07-22;0;0;0
1996-07-23;0;0;0
1996-07-24;0;0;0
1996-07-25;0;0;0
1996-07-26;12;12;0
1996-07-27;13;0;13
1996-07-28;17;0;17
1996-07-29;22;0;22
1996-07-30;27;0;27
1996-07-31;30;0;30
1996-08-01;26;0;26
1996-08-02;31;0;31
1996-08-03;31;0;31
1996-08-04;29;0;29
1996-08-05;22;0;22
1996-08-06;14;6;8
1996-08-07;23;12;11
1996-08-08;15;8;7
1996-08-09;19;19;0
1996-08-10;20;20;0
1996-08-11;29;29;0
1996-08-12;23;23;0
1996-08-13;16;16;0
1996-08-14;29;29;0
1996-08-15;26;26;0
1996-08-16;14;14;0
1996-08-17;15;15;0
1996-08-18;12;12;0
1996-08-19;15;15;0
1996-08-20;14;14;0
1996-08-21;14;14;0
1996-08-22;12;12;0
1996-08-23;14;7;7
1996-08-24;22;11;11
1996-08-25;14;0;14
1996-08-26;18;0;18
1996-08-27;18;0;18
1996-08-28;15;0;15
1996-08-29;15;0;15
1996-08-30;19;0;19
1996-08-31;26;10;16
1996-09-01;24;0;24
1996-09-02;17;0;17
1996-09-03;13;0;13
1996-09-04;0;0;0
1996-09-05;0;0;0
1996-09-06;0;0;0
1996-09-07;22;0;22
1996-09-08;0;0;0
1996-09-09;0;0;0
1996-09-10;0;0;0
1996-09-11;0;0;0
1996-09-12;15;15;0
1996-09-13;0;0;0
1996-09-14;0;0;0
1996-09-15;0;0;0
1996-09-16;0;0;0
1996-09-17;0;0;0
1996-09-18;0;0;0
1996-09-19;0;0;0
1996-09-20;0;0;0
1996-09-21;0;0;0
1996-09-22;0;0;0
1996-09-23;0;0;0
1996-09-24;0;0;0
1996-09-25;0;0;0
1996-09-26;0;0;0
1996-09-27;0;0;0
1996-09-28;0;0;0
1996-09-29;0;0;0
1996-09-30;0;0;0
1996-10-01;0;0;0
1996-10-02;0;0;0
1996-10-03;0;0;0
1996-10-04;0;0;0
1996-10-05;0;0;0
1996-10-06;0;0;0
1996-10-07;0;0;0
1996-10-08;0;0;0
1996-10-09;0;0;0
1996-10-10;0;0;0
1996-10-11;0;0;0
1996-10-12;0;0;0
1996-10-13;0;0;0
1996-10-14;0;0;0
1996-10-15;0;0;0
1996-10-16;0;0;0
1996-10-17;0;0;0
1996-10-18;0;0;0
1996-10-19;0;0;0
1996-10-20;0;0;0
1996-10-21;0;0;0
1996-10-22;0;0;0
1996-10-23;0;0;0
1996-10-24;0;0;0
1996-10-25;7;7;0
1996-10-26;7;7;0
1996-10-27;7;0;7
1996-10-28;0;0;0
1996-10-29;0;0;0
1996-10-30;0;0;0
1996-10-31;0;0;0
1996-11-01;0;0;0
1996-11-02;0;0;0
1996-11-03;0;0;0
1996-11-04;0;0;0
1996-11-05;0;0;0
1996-11-06;0;0;0
1996-11-07;0;0;0
1996-11-08;0;0;0
1996-11-09;11;0;11
1996-11-10;17;0;17
1996-11-11;20;0;20
1996-11-12;15;7;8
1996-11-13;15;7;8
1996-11-14;0;0;0
1996-11-15;28;14;14
1996-11-16;56;39;17
1996-11-17;25;13;12
1996-11-18;13;6;7
1996-11-19;14;14;0
1996-11-20;13;13;0
1996-11-21;25;13;12
1996-11-22;33;17;16
1996-11-23;61;29;32
1996-11-24;63;24;39
1996-11-25;79;24;55
1996-11-26;72;17;55
1996-11-27;63;14;49
1996-11-28;47;0;47
1996-11-29;43;0;43
1996-11-30;35;0;35
1996-12-01;24;0;24
1996-12-02;13;0;13
1996-12-03;0;0;0
1996-12-04;0;0;0
1996-12-05;0;0;0
1996-12-06;0;0;0
1996-12-07;0;0;0
1996-12-08;14;0;14
1996-12-09;18;0;18
1996-12-10;17;0;17
1996-12-11;29;9;20
1996-12-12;30;9;21
1996-12-13;34;11;23
1996-12-14;28;9;19
1996-12-15;30;13;17
1996-12-16;25;11;14
1996-12-17;29;11;18
1996-12-18;34;19;15
1996-12-19;24;16;8
1996-12-20;16;16;0
1996-12-21;22;22;0
1996-12-22;22;22;0
1996-12-23;12;12;0
1996-12-24;13;0;13
1996-12-25;0;0;0
1996-12-26;0;0;0
1996-12-27;0;0;0
1996-12-28;0;0;0
1996-12-29;0;0;0
1996-12-30;0;0;0
1996-12-31;0;0;0
1997-01-01;0;0;0
1997-01-02;0;0;0
1997-01-03;0;0;0
1997-01-04;14;0;14
1997-01-05;13;0;13
1997-01-06;16;0;16
1997-01-07;10;0;10
1997-01-08;0;0;0
1997-01-09;12;12;0
1997-01-10;12;12;0
1997-01-11;9;9;0
1997-01-12;0;0;0
1997-01-13;0;0;0
1997-01-14;0;0;0
1997-01-15;14;0;14
1997-01-16;22;0;22
1997-01-17;10;0;10
1997-01-18;14;8;6
1997-01-19;0;0;0
1997-01-20;0;0;0
1997-01-21;0;0;0
1997-01-22;0;0;0
1997-01-23;0;0;0
1997-01-24;12;0;12
1997-01-25;10;0;10
1997-01-26;10;0;10
1997-01-27;12;0;12
1997-01-28;0;0;0
1997-01-29;13;13;0
1997-01-30;14;14;0
1997-01-31;13;13;0
1997-02-01;13;13;0
1997-02-02;33;13;20
1997-02-03;43;22;21
1997-02-04;45;25;20
1997-02-05;33;19;14
1997-02-06;26;14;12
1997-02-07;22;12;10
1997-02-08;12;0;12
1997-02-09;12;0;12
1997-02-10;0;0;0
1997-02-11;0;0;0
1997-02-12;0;0;0
1997-02-13;0;0;0
1997-02-14;0;0;0
1997-02-15;0;0;0
1997-02-16;13;0;13
1997-02-17;0;0;0
1997-02-18;12;12;0
1997-02-19;12;12;0
1997-02-20;10;6;4
1997-02-21;0;0;0
1997-02-22;0;0;0
1997-02-23;0;0;0
1997-02-24;10;10;0
1997-02-25;12;12;0
1997-02-26;0;0;0
1997-02-27;0;0;0
1997-02-28;0;0;0
1997-03-01;0;0;0
1997-03-02;0;0;0
1997-03-03;0;0;0
1997-03-04;0;0;0
1997-03-05;0;0;0
1997-03-06;11;11;0
1997-03-07;14;14;0
1997-03-08;26;14;12
1997-03-09;25;14;11
1997-03-10;17;17;0
1997-03-11;18;18;0
1997-03-12;21;21;0
1997-03-13;19;19;0
1997-03-14;18;8;10
1997-03-15;35;13;22
1997-03-16;15;8;7
1997-03-17;17;0;17
1997-03-18;17;0;17
1997-03-19;0;0;0
1997-03-20;12;7;5
1997-03-21;0;0;0
1997-03-22;0;0;0
1997-03-23;0;0;0
1997-03-24;0;0;0
1997-03-25;0;0;0
1997-03-26;0;0;0
1997-03-27;14;0;14
1997-03-28;19;0;19
1997-03-29;25;0;25
1997-03-30;28;0;28
1997-03-31;24;0;24
1997-04-01;25;0;25
1997-04-02;46;0;46
1997-04-03;55;0;55
1997-04-04;40;0;40
1997-04-05;37;0;37
1997-04-06;30;0;30
1997-04-07;16;0;16
1997-04-08;15;0;15
1997-04-09;31;18;13
1997-04-10;36;24;12
1997-04-11;34;21;13
1997-04-12;18;11;7
1997-04-13;33;14;19
1997-04-14;36;11;25
1997-04-15;42;0;42
1997-04-16;39;0;39
1997-04-17;19;0;19
1997-04-18;13;0;13
1997-04-19;16;9;7
1997-04-20;0;0;0
1997-04-21;0;0;0
1997-04-22;0;0;0
1997-04-23;13;13;0
1997-04-24;13;13;0
1997-04-25;12;12;0
1997-04-26;25;12;13
1997-04-27;16;0;16
1997-04-28;18;0;18
1997-04-29;12;0;12
1997-04-30;0;0;0
1997-05-01;0;0;0
1997-05-02;0;0;0
1997-05-03;0;0;0
1997-05-04;11;0;11
1997-05-05;12;12;0
1997-05-06;11;11;0
1997-05-07;11;11;0
1997-05-08;14;14;0
1997-05-09;12;12;0
1997-05-10;23;23;0
1997-05-11;22;22;0
1997-05-12;14;14;0
1997-05-13;17;17;0
1997-05-14;18;18;0
1997-05-15;15;15;0
1997-05-16;23;23;0
1997-05-17;23;23;0
1997-05-18;29;29;0
1997-05-19;37;37;0
1997-05-20;54;43;11
1997-05-21;72;61;11
1997-05-22;66;55;11
1997-05-23;55;34;21
1997-05-24;41;18;23
1997-05-25;40;14;26
1997-05-26;48;33;15
1997-05-27;34;22;12
1997-05-28;23;14;9
1997-05-29;19;12;7
1997-05-30;17;10;7
1997-05-31;26;14;12
1997-06-01;33;13;20
1997-06-02;36;11;25
1997-06-03;24;0;24
1997-06-04;18;0;18
1997-06-05;18;0;18
1997-06-06;20;0;20
1997-06-07;20;7;13
1997-06-08;31;13;18
1997-06-09;26;11;15
1997-06-10;13;13;0
1997-06-11;13;13;0
1997-06-12;26;26;0
1997-06-13;29;29;0
1997-06-14;31;31;0
1997-06-15;31;31;0
1997-06-16;33;33;0
1997-06-17;21;21;0
1997-06-18;29;13;16
1997-06-19;16;0;16
1997-06-20;13;0;13
1997-06-21;11;0;11
1997-06-22;0;0;0
1997-06-23;15;15;0
1997-06-24;15;15;0
1997-06-25;31;31;0
1997-06-26;24;24;0
1997-06-27;20;20;0
1997-06-28;13;13;0
1997-06-29;13;13;0
1997-06-30;0;0;0
1997-07-01;0;0;0
1997-07-02;0;0;0
1997-07-03;10;5;5
1997-07-04;11;0;11
1997-07-05;10;0;10
1997-07-06;12;0;12
1997-07-07;32;11;21
1997-07-08;20;9;11
1997-07-09;21;12;9
1997-07-10;16;9;7
1997-07-11;0;0;0
1997-07-12;0;0;0
1997-07-13;0;0;0
1997-07-14;11;0;11
1997-07-15;0;0;0
1997-07-16;0;0;0
1997-07-17;9;9;0
1997-07-18;9;9;0
1997-07-19;0;0;0
1997-07-20;14;0;14
1997-07-21;0;0;0
1997-07-22;14;14;0
1997-07-23;25;25;0
1997-07-24;36;36;0
1997-07-25;48;48;0
1997-07-26;42;42;0
1997-07-27;31;31;0
1997-07-28;14;14;0
1997-07-29;14;14;0
1997-07-30;0;0;0
1997-07-31;0;0;0
1997-08-01;0;0;0
1997-08-02;12;12;0
1997-08-03;19;9;10
1997-08-04;13;0;13
1997-08-05;25;0;25
1997-08-06;53;25;28
1997-08-07;60;25;35
1997-08-08;66;31;35
1997-08-09;56;34;22
1997-08-10;31;12;19
1997-08-11;53;37;16
1997-08-12;70;51;19
1997-08-13;67;44;23
1997-08-14;57;41;16
1997-08-15;54;42;12
1997-08-16;31;31;0
1997-08-17;26;26;0
1997-08-18;23;23;0
1997-08-19;13;13;0
1997-08-20;12;12;0
1997-08-21;13;13;0
1997-08-22;12;12;0
1997-08-23;13;13;0
1997-08-24;0;0;0
1997-08-25;22;12;10
1997-08-26;31;19;12
1997-08-27;35;35;0
1997-08-28;48;48;0
1997-08-29;51;51;0
1997-08-30;63;63;0
1997-08-31;78;78;0
1997-09-01;76;76;0
1997-09-02;69;69;0
1997-09-03;56;42;14
1997-09-04;49;30;19
1997-09-05;58;36;22
1997-09-06;65;42;23
1997-09-07;79;37;42
1997-09-08;101;44;57
1997-09-09;106;45;61
1997-09-10;108;41;67
1997-09-11;100;34;66
1997-09-12;103;40;63
1997-09-13;99;47;52
1997-09-14;82;40;42
1997-09-15;76;54;22
1997-09-16;71;55;16
1997-09-17;57;43;14
1997-09-18;38;24;14
1997-09-19;19;19;0
1997-09-20;16;16;0
1997-09-21;30;16;14
1997-09-22;52;16;36
1997-09-23;49;9;40
1997-09-24;49;0;49
1997-09-25;57;0;57
1997-09-26;30;0;30
1997-09-27;35;0;35
1997-09-28;21;0;21
1997-09-29;19;8;11
1997-09-30;22;0;22
1997-10-01;36;14;22
1997-10-02;30;17;13
1997-10-03;30;19;11
1997-10-04;30;19;11
1997-10-05;30;19;11
1997-10-06;26;14;12
1997-10-07;24;16;8
1997-10-08;23;23;0
1997-10-09;29;29;0
1997-10-10;32;32;0
1997-10-11;35;35;0
1997-10-12;36;36;0
1997-10-13;42;42;0
1997-10-14;35;35;0
1997-10-15;40;40;0
1997-10-16;49;49;0
1997-10-17;58;58;0
1997-10-18;50;50;0
1997-10-19;36;36;0
1997-10-20;30;30;0
1997-10-21;29;29;0
1997-10-22;13;13;0
1997-10-23;0;0;0
1997-10-24;14;0;14
1997-10-25;16;16;0
1997-10-26;16;16;0
1997-10-27;33;16;17
1997-10-28;47;24;23
1997-10-29;43;16;27
1997-10-30;55;23;32
1997-10-31;50;19;31
1997-11-01;56;13;43
1997-11-02;68;27;41
1997-11-03;70;23;47
1997-11-04;76;30;46
1997-11-05;66;28;38
1997-11-06;65;31;34
1997-11-07;56;29;27
1997-11-08;48;26;22
1997-11-09;32;20;12
1997-11-10;25;25;0
1997-11-11;37;37;0
1997-11-12;26;26;0
1997-11-13;34;21;13
1997-11-14;49;32;17
1997-11-15;39;25;14
1997-11-16;37;27;10
1997-11-17;57;38;19
1997-11-18;56;42;14
1997-11-19;56;39;17
1997-11-20;52;38;14
1997-11-21;53;40;13
1997-11-22;61;49;12
1997-11-23;71;48;23
1997-11-24;63;42;21
1997-11-25;39;26;13
1997-11-26;34;34;0
1997-11-27;40;40;0
1997-11-28;43;43;0
1997-11-29;50;50;0
1997-11-30;54;54;0
1997-12-01;62;51;11
1997-12-02;55;55;0
1997-12-03;45;45;0
1997-12-04;49;37;12
1997-12-05;43;32;11
1997-12-06;51;51;0
1997-12-07;54;54;0
1997-12-08;78;66;12
1997-12-09;90;54;36
1997-12-10;77;47;30
1997-12-11;82;59;23
1997-12-12;92;69;23
1997-12-13;71;51;20
1997-12-14;57;45;12
1997-12-15;55;43;12
1997-12-16;47;36;11
1997-12-17;46;35;11
1997-12-18;27;20;7
1997-12-19;20;20;0
1997-12-20;26;14;12
1997-12-21;30;14;16
1997-12-22;43;12;31
1997-12-23;61;23;38
1997-12-24;70;34;36
1997-12-25;57;22;35
1997-12-26;50;14;36
1997-12-27;55;25;30
1997-12-28;51;27;24
1997-12-29;55;24;31
1997-12-30;61;20;41
1997-12-31;61;19;42
1998-01-01;54;17;37
1998-01-02;43;18;25
1998-01-03;32;18;14
1998-01-04;28;14;14
1998-01-05;14;14;0
1998-01-06;1;0;1
1998-01-07;0;0;0
1998-01-08;0;0;0
1998-01-09;0;0;0
1998-01-10;14;0;14
1998-01-11;38;15;23
1998-01-12;53;13;40
1998-01-13;50;0;50
1998-01-14;42;0;42
1998-01-15;45;0;45
1998-01-16;73;15;58
1998-01-17;73;17;56
1998-01-18;64;22;42
1998-01-19;54;18;36
1998-01-20;24;11;13
1998-01-21;20;10;10
1998-01-22;22;8;14
1998-01-23;56;20;36
1998-01-24;92;33;59
1998-01-25;105;43;62
1998-01-26;94;41;53
1998-01-27;85;31;54
1998-01-28;74;32;42
1998-01-29;66;27;39
1998-01-30;39;25;14
1998-01-31;25;14;11
1998-02-01;21;10;11
1998-02-02;19;6;13
1998-02-03;35;13;22
1998-02-04;35;20;15
1998-02-05;27;14;13
1998-02-06;37;11;26
1998-02-07;34;11;23
1998-02-08;35;0;35
1998-02-09;41;0;41
1998-02-10;52;0;52
1998-02-11;50;10;40
1998-02-12;59;11;48
1998-02-13;59;15;44
1998-02-14;95;29;66
1998-02-15;81;20;61
1998-02-16;77;25;52
1998-02-17;72;22;50
1998-02-18;65;23;42
1998-02-19;44;11;33
1998-02-20;35;0;35
1998-02-21;26;0;26
1998-02-22;35;0;35
1998-02-23;49;15;34
1998-02-24;74;45;29
1998-02-25;72;41;31
1998-02-26;56;30;26
1998-02-27;54;20;34
1998-02-28;67;17;50
1998-03-01;88;30;58
1998-03-02;100;25;75
1998-03-03;52;13;39
1998-03-04;54;17;37
1998-03-05;48;17;31
1998-03-06;43;18;25
1998-03-07;54;24;30
1998-03-08;49;12;37
1998-03-09;52;12;40
1998-03-10;75;12;63
1998-03-11;84;12;72
1998-03-12;108;12;96
1998-03-13;111;12;99
1998-03-14;118;12;106
1998-03-15;94;12;82
1998-03-16;90;0;90
1998-03-17;88;0;88
1998-03-18;96;14;82
1998-03-19;100;19;81
1998-03-20;93;21;72
1998-03-21;103;21;82
1998-03-22;108;24;84
1998-03-23;82;19;63
1998-03-24;88;28;60
1998-03-25;88;33;55
1998-03-26;78;30;48
1998-03-27;76;18;58
1998-03-28;84;29;55
1998-03-29;87;26;61
1998-03-30;69;12;57
1998-03-31;82;0;82
1998-04-01;74;0;74
1998-04-02;78;0;78
1998-04-03;75;0;75
1998-04-04;67;0;67
1998-04-05;78;0;78
1998-04-06;83;0;83
1998-04-07;123;24;99
1998-04-08;140;21;119
1998-04-09;161;20;141
1998-04-10;143;11;132
1998-04-11;127;0;127
1998-04-12;106;0;106
1998-04-13;85;0;85
1998-04-14;93;13;80
1998-04-15;86;20;66
1998-04-16;81;24;57
1998-04-17;61;27;34
1998-04-18;30;30;0
1998-04-19;41;41;0
1998-04-20;40;40;0
1998-04-21;45;30;15
1998-04-22;42;42;0
1998-04-23;34;21;13
1998-04-24;19;10;9
1998-04-25;26;12;14
1998-04-26;17;0;17
1998-04-27;16;0;16
1998-04-28;37;0;37
1998-04-29;48;13;35
1998-04-30;61;24;37
1998-05-01;75;34;41
1998-05-02;96;39;57
1998-05-03;97;51;46
1998-05-04;96;60;36
1998-05-05;104;67;37
1998-05-06;100;61;39
1998-05-07;93;46;47
1998-05-08;83;47;36
1998-05-09;71;25;46
1998-05-10;57;13;44
1998-05-11;76;14;62
1998-05-12;96;20;76
1998-05-13;105;26;79
1998-05-14;108;36;72
1998-05-15;105;39;66
1998-05-16;104;37;67
1998-05-17;93;35;58
1998-05-18;88;39;49
1998-05-19;74;29;45
1998-05-20;57;30;27
1998-05-21;34;20;14
1998-05-22;28;17;11
1998-05-23;37;25;12
1998-05-24;42;32;10
1998-05-25;54;42;12
1998-05-26;57;45;12
1998-05-27;67;42;25
1998-05-28;43;31;12
1998-05-29;37;22;15
1998-05-30;53;23;30
1998-05-31;64;22;42
1998-06-01;63;21;42
1998-06-02;73;22;51
1998-06-03;70;25;45
1998-06-04;95;44;51
1998-06-05;101;49;52
1998-06-06;92;42;50
1998-06-07;85;28;57
1998-06-08;85;27;58
1998-06-09;104;22;82
1998-06-10;99;13;86
1998-06-11;97;23;74
1998-06-12;106;29;77
1998-06-13;117;37;80
1998-06-14;88;37;51
1998-06-15;68;32;36
1998-06-16;63;33;30
1998-06-17;86;45;41
1998-06-18;70;37;33
1998-06-19;67;43;24
1998-06-20;77;50;27
1998-06-21;82;50;32
1998-06-22;65;51;14
1998-06-23;68;47;21
1998-06-24;58;41;17
1998-06-25;96;54;42
1998-06-26;106;43;63
1998-06-27;128;56;72
1998-06-28;138;66;72
1998-06-29;140;62;78
1998-06-30;129;42;87
1998-07-01;137;54;83
1998-07-02;138;46;92
1998-07-03;138;45;93
1998-07-04;145;46;99
1998-07-05;137;36;101
1998-07-06;107;46;61
1998-07-07;74;44;30
1998-07-08;55;38;17
1998-07-09;46;19;27
1998-07-10;71;23;48
1998-07-11;83;31;52
1998-07-12;80;35;45
1998-07-13;64;16;48
1998-07-14;60;15;45
1998-07-15;80;16;64
1998-07-16;97;20;77
1998-07-17;86;15;71
1998-07-18;61;10;51
1998-07-19;51;0;51
1998-07-20;100;12;88
1998-07-21;113;13;100
1998-07-22;132;41;91
1998-07-23;131;51;80
1998-07-24;115;60;55
1998-07-25;99;68;31
1998-07-26;91;65;26
1998-07-27;94;65;29
1998-07-28;123;91;32
1998-07-29;107;85;22
1998-07-30;83;52;31
1998-07-31;99;71;28
1998-08-01;84;42;42
1998-08-02;100;58;42
1998-08-03;89;60;29
1998-08-04;87;62;25
1998-08-05;92;51;41
1998-08-06;129;74;55
1998-08-07;137;88;49
1998-08-08;127;68;59
1998-08-09;164;67;97
1998-08-10;156;60;96
1998-08-11;155;70;85
1998-08-12;159;79;80
1998-08-13;121;62;59
1998-08-14;123;65;58
1998-08-15;96;60;36
1998-08-16;123;67;56
1998-08-17;114;55;59
1998-08-18;109;49;60
1998-08-19;133;80;53
1998-08-20;120;70;50
1998-08-21;117;72;45
1998-08-22;106;72;34
1998-08-23;110;79;31
1998-08-24;104;76;28
1998-08-25;96;72;24
1998-08-26;114;89;25
1998-08-27;131;102;29
1998-08-28;126;108;18
1998-08-29;134;106;28
1998-08-30;154;112;42
1998-08-31;143;96;47
1998-09-01;142;92;50
1998-09-02;121;63;58
1998-09-03;112;61;51
1998-09-04;97;41;56
1998-09-05;114;56;58
1998-09-06;159;82;77
1998-09-07;165;91;74
1998-09-08;178;101;77
1998-09-09;169;111;58
1998-09-10;159;121;38
1998-09-11;136;103;33
1998-09-12;131;78;53
1998-09-13;135;77;58
1998-09-14;111;57;54
1998-09-15;85;45;40
1998-09-16;80;19;61
1998-09-17;105;40;65
1998-09-18;99;41;58
1998-09-19;132;60;72
1998-09-20;162;74;88
1998-09-21;178;97;81
1998-09-22;196;108;88
1998-09-23;192;101;91
1998-09-24;166;92;74
1998-09-25;149;88;61
1998-09-26;116;62;54
1998-09-27;108;57;51
1998-09-28;121;58;63
1998-09-29;85;37;48
1998-09-30;58;27;31
1998-10-01;42;15;27
1998-10-02;45;23;22
1998-10-03;35;18;17
1998-10-04;27;27;0
1998-10-05;42;28;14
1998-10-06;76;38;38
1998-10-07;93;48;45
1998-10-08;130;78;52
1998-10-09;119;71;48
1998-10-10;85;43;42
1998-10-11;72;32;40
1998-10-12;59;18;41
1998-10-13;68;45;23
1998-10-14;93;42;51
1998-10-15;119;72;47
1998-10-16;132;94;38
1998-10-17;139;118;21
1998-10-18;149;121;28
1998-10-19;136;103;33
1998-10-20;115;87;28
1998-10-21;89;59;30
1998-10-22;69;41;28
1998-10-23;71;26;45
1998-10-24;55;17;38
1998-10-25;44;17;27
1998-10-26;45;32;13
1998-10-27;25;25;0
1998-10-28;33;33;0
1998-10-29;76;41;35
1998-10-30;76;42;34
1998-10-31;74;43;31
1998-11-01;49;25;24
1998-11-02;54;54;0
1998-11-03;74;58;16
1998-11-04;116;65;51
1998-11-05;125;72;53
1998-11-06;129;86;43
1998-11-07;135;102;33
1998-11-08;121;93;28
1998-11-09;93;67;26
1998-11-10;89;56;33
1998-11-11;87;49;38
1998-11-12;96;42;54
1998-11-13;116;58;58
1998-11-14;123;62;61
1998-11-15;125;49;76
1998-11-16;100;30;70
1998-11-17;70;25;45
1998-11-18;67;11;56
1998-11-19;46;0;46
1998-11-20;60;9;51
1998-11-21;43;0;43
1998-11-22;54;0;54
1998-11-23;62;11;51
1998-11-24;78;9;69
1998-11-25;112;25;87
1998-11-26;139;51;88
1998-11-27;150;68;82
1998-11-28;139;76;63
1998-11-29;138;95;43
1998-11-30;130;92;38
1998-12-01;157;126;31
1998-12-02;144;131;13
1998-12-03;147;132;15
1998-12-04;125;110;15
1998-12-05;99;99;0
1998-12-06;130;80;50
1998-12-07;138;77;61
1998-12-08;173;74;99
1998-12-09;159;60;99
1998-12-10;157;51;106
1998-12-11;153;41;112
1998-12-12;148;33;115
1998-12-13;122;22;100
1998-12-14;121;13;108
1998-12-15;105;12;93
1998-12-16;87;13;74
1998-12-17;71;14;57
1998-12-18;87;41;46
1998-12-19;73;41;32
1998-12-20;73;50;23
1998-12-21;63;63;0
1998-12-22;57;57;0
1998-12-23;68;68;0
1998-12-24;84;72;12
1998-12-25;96;79;17
1998-12-26;118;95;23
1998-12-27;146;120;26
1998-12-28;176;135;41
1998-12-29;140;112;28
1998-12-30;144;113;31
1998-12-31;134;115;19
1999-01-01;89;71;18
1999-01-02;94;79;15
1999-01-03;80;66;14
1999-01-04;90;68;22
1999-01-05;89;61;28
1999-01-06;67;53;14
1999-01-07;89;49;40
1999-01-08;71;24;47
1999-01-09;65;17;48
1999-01-10;64;28;36
1999-01-11;44;17;27
1999-01-12;49;11;38
1999-01-13;57;14;43
1999-01-14;90;37;53
1999-01-15;115;61;54
1999-01-16;115;73;42
1999-01-17;129;79;50
1999-01-18;141;90;51
1999-01-19;168;94;74
1999-01-20;166;105;61
1999-01-21;158;104;54
1999-01-22;150;99;51
1999-01-23;121;79;42
1999-01-24;94;64;30
1999-01-25;43;33;10
1999-01-26;42;28;14
1999-01-27;39;39;0
1999-01-28;39;39;0
1999-01-29;33;33;0
1999-01-30;33;33;0
1999-01-31;42;42;0
1999-02-01;43;30;13
1999-02-02;37;0;37
1999-02-03;28;0;28
1999-02-04;22;0;22
1999-02-05;18;0;18
1999-02-06;28;0;28
1999-02-07;41;12;29
1999-02-08;53;24;29
1999-02-09;61;43;18
1999-02-10;89;56;33
1999-02-11;115;68;47
1999-02-12;170;108;62
1999-02-13;198;126;72
1999-02-14;204;121;83
1999-02-15;213;112;101
1999-02-16;197;111;86
1999-02-17;181;98;83
1999-02-18;155;86;69
1999-02-19;126;79;47
1999-02-20;127;84;43
1999-02-21;109;69;40
1999-02-22;70;57;13
1999-02-23;62;43;19
1999-02-24;56;38;18
1999-02-25;65;47;18
1999-02-26;75;59;16
1999-02-27;87;62;25
1999-02-28;114;87;27
1999-03-01;116;92;24
1999-03-02;132;90;42
1999-03-03;153;92;61
1999-03-04;144;81;63
1999-03-05;149;90;59
1999-03-06;119;62;57
1999-03-07;65;18;47
1999-03-08;62;24;38
1999-03-09;95;29;66
1999-03-10;92;35;57
1999-03-11;114;54;60
1999-03-12;131;69;62
1999-03-13;114;77;37
1999-03-14;141;92;49
1999-03-15;137;101;36
1999-03-16;146;114;32
1999-03-17;149;104;45
1999-03-18;144;83;61
1999-03-19;152;60;92
1999-03-20;117;39;78
1999-03-21;107;32;75
1999-03-22;92;39;53
1999-03-23;45;29;16
1999-03-24;62;45;17
1999-03-25;56;44;12
1999-03-26;47;47;0
1999-03-27;36;36;0
1999-03-28;56;41;15
1999-03-29;77;41;36
1999-03-30;83;47;36
1999-03-31;77;47;30
1999-04-01;65;35;30
1999-04-02;57;25;32
1999-04-03;71;34;37
1999-04-04;104;48;56
1999-04-05;119;57;62
1999-04-06;135;53;82
1999-04-07;120;56;64
1999-04-08;131;71;60
1999-04-09;153;72;81
1999-04-10;132;69;63
1999-04-11;110;51;59
1999-04-12;112;28;84
1999-04-13;119;24;95
1999-04-14;109;12;97
1999-04-15;93;0;93
1999-04-16;98;12;86
1999-04-17;110;23;87
1999-04-18;81;15;66
1999-04-19;73;34;39
1999-04-20;73;28;45
1999-04-21;62;18;44
1999-04-22;59;18;41
1999-04-23;62;21;41
1999-04-24;75;35;40
1999-04-25;66;48;18
1999-04-26;69;56;13
1999-04-27;81;69;12
1999-04-28;81;69;12
1999-04-29;90;80;10
1999-04-30;97;97;0
1999-05-01;107;96;11
1999-05-02;129;102;27
1999-05-03;112;95;17
1999-05-04;118;101;17
1999-05-05;124;89;35
1999-05-06;146;112;34
1999-05-07;200;145;55
1999-05-08;214;151;63
1999-05-09;210;142;68
1999-05-10;191;117;74
1999-05-11;188;102;86
1999-05-12;172;82;90
1999-05-13;142;73;69
1999-05-14;132;69;63
1999-05-15;148;89;59
1999-05-16;148;79;69
1999-05-17;139;72;67
1999-05-18;131;63;68
1999-05-19;132;53;79
1999-05-20;135;41;94
1999-05-21;153;53;100
1999-05-22;138;44;94
1999-05-23;121;34;87
1999-05-24;120;51;69
1999-05-25;129;67;62
1999-05-26;160;98;62
1999-05-27;167;100;67
1999-05-28;167;105;62
1999-05-29;162;117;45
1999-05-30;150;107;43
1999-05-31;153;97;56
1999-06-01;206;108;98
1999-06-02;203;105;98
1999-06-03;197;104;93
1999-06-04;211;116;95
1999-06-05;217;118;99
1999-06-06;220;112;108
1999-06-07;185;92;93
1999-06-08;197;113;84
1999-06-09;241;152;89
1999-06-10;220;152;68
1999-06-11;239;165;74
1999-06-12;230;144;86
1999-06-13;229;140;89
1999-06-14;221;131;90
1999-06-15;209;111;98
1999-06-16;181;94;87
1999-06-17;146;74;72
1999-06-18;120;72;48
1999-06-19;119;83;36
1999-06-20;93;81;12
1999-06-21;119;107;12
1999-06-22;160;143;17
1999-06-23;217;169;48
1999-06-24;293;219;74
1999-06-25;292;215;77
1999-06-26;274;208;66
1999-06-27;259;175;84
1999-06-28;254;158;96
1999-06-29;241;140;101
1999-06-30;223;119;104
1999-07-01;215;108;107
1999-07-02;223;116;107
1999-07-03;217;99;118
1999-07-04;205;103;102
1999-07-05;199;110;89
1999-07-06;186;87;99
1999-07-07;179;67;112
1999-07-08;173;54;119
1999-07-09;176;86;90
1999-07-10;171;84;87
1999-07-11;176;84;92
1999-07-12;199;93;106
1999-07-13;157;67;90
1999-07-14;128;58;70
1999-07-15;122;64;58
1999-07-16;118;60;58
1999-07-17;121;61;60
1999-07-18;137;82;55
1999-07-19;121;86;35
1999-07-20;118;104;14
1999-07-21;121;107;14
1999-07-22;144;129;15
1999-07-23;148;117;31
1999-07-24;173;126;47
1999-07-25;182;115;67
1999-07-26;153;87;66
1999-07-27;176;86;90
1999-07-28;220;116;104
1999-07-29;246;122;124
1999-07-30;252;118;134
1999-07-31;223;115;108
1999-08-01;252;146;106
1999-08-02;250;133;117
1999-08-03;229;99;130
1999-08-04;193;94;99
1999-08-05;193;103;90
1999-08-06;167;100;67
1999-08-07;152;91;61
1999-08-08;149;79;70
1999-08-09;115;47;68
1999-08-10;82;0;82
1999-08-11;79;0;79
1999-08-12;91;14;77
1999-08-13;102;27;75
1999-08-14;87;32;55
1999-08-15;74;29;45
1999-08-16;67;20;47
1999-08-17;55;21;34
1999-08-18;58;41;17
1999-08-19;64;52;12
1999-08-20;73;41;32
1999-08-21;88;35;53
1999-08-22;103;35;68
1999-08-23;115;30;85
1999-08-24;131;46;85
1999-08-25;196;94;102
1999-08-26;206;86;120
1999-08-27;194;70;124
1999-08-28;223;100;123
1999-08-29;231;112;119
1999-08-30;228;114;114
1999-08-31;165;92;73
1999-09-01;140;86;54
1999-09-02;122;88;34
1999-09-03;115;82;33
1999-09-04;103;81;22
1999-09-05;106;91;15
1999-09-06;86;86;0
1999-09-07;103;75;28
1999-09-08;113;68;45
1999-09-09;109;58;51
1999-09-10;110;61;49
1999-09-11;113;68;45
1999-09-12;126;89;37
1999-09-13;152;118;34
1999-09-14;167;134;33
1999-09-15;168;140;28
1999-09-16;165;138;27
1999-09-17;147;116;31
1999-09-18;147;108;39
1999-09-19;128;95;33
1999-09-20;97;70;27
1999-09-21;65;43;22
1999-09-22;89;37;52
1999-09-23;85;31;54
1999-09-24;61;22;39
1999-09-25;43;13;30
1999-09-26;46;19;27
1999-09-27;52;27;25
1999-09-28;68;43;25
1999-09-29;77;52;25
1999-09-30;86;58;28
1999-10-01;72;56;16
1999-10-02;93;47;46
1999-10-03;98;43;55
1999-10-04;111;56;55
1999-10-05;179;101;78
1999-10-06;197;123;74
1999-10-07;200;128;72
1999-10-08;163;101;62
1999-10-09;189;121;68
1999-10-10;188;127;61
1999-10-11;182;146;36
1999-10-12;210;185;25
1999-10-13;227;202;25
1999-10-14;218;199;19
1999-10-15;166;166;0
1999-10-16;176;164;12
1999-10-17;181;168;13
1999-10-18;165;149;16
1999-10-19;158;136;22
1999-10-20;163;123;40
1999-10-21;140;91;49
1999-10-22;124;48;76
1999-10-23;114;29;85
1999-10-24;130;36;94
1999-10-25;174;46;128
1999-10-26;207;65;142
1999-10-27;202;75;127
1999-10-28;195;79;116
1999-10-29;198;75;123
1999-10-30;224;97;127
1999-10-31;187;83;104
1999-11-01;163;64;99
1999-11-02;140;59;81
1999-11-03;114;53;61
1999-11-04;134;58;76
1999-11-05;144;69;75
1999-11-06;146;103;43
1999-11-07;174;144;30
1999-11-08;206;183;23
1999-11-09;239;228;11
1999-11-10;291;259;32
1999-11-11;290;248;42
1999-11-12;266;205;61
1999-11-13;232;175;57
1999-11-14;206;145;61
1999-11-15;216;143;73
1999-11-16;242;143;99
1999-11-17;235;118;117
1999-11-18;225;92;133
1999-11-19;232;89;143
1999-11-20;215;76;139
1999-11-21;201;67;134
1999-11-22;194;59;135
1999-11-23;155;38;117
1999-11-24;146;18;128
1999-11-25;144;0;144
1999-11-26;134;0;134
1999-11-27;175;35;140
1999-11-28;148;28;120
1999-11-29;110;30;80
1999-11-30;131;55;76
1999-12-01;142;57;85
1999-12-02;137;97;40
1999-12-03;97;76;21
1999-12-04;79;64;15
1999-12-05;70;58;12
1999-12-06;87;76;11
1999-12-07;81;70;11
1999-12-08;108;76;32
1999-12-09;120;84;36
1999-12-10;152;106;46
1999-12-11;139;95;44
1999-12-12;123;82;41
1999-12-13;141;64;77
1999-12-14;143;52;91
1999-12-15;127;30;97
1999-12-16;130;14;116
1999-12-17;141;37;104
1999-12-18;137;44;93
1999-12-19;138;48;90
1999-12-20;141;57;84
1999-12-21;128;63;65
1999-12-22;130;66;64
1999-12-23;123;64;59
1999-12-24;134;94;40
1999-12-25;128;99;29
1999-12-26;116;102;14
1999-12-27;95;83;12
1999-12-28;85;73;12
1999-12-29;103;65;38
1999-12-30;66;44;22
1999-12-31;79;57;22
2000-01-01;71;55;16
2000-01-02;75;57;18
2000-01-03;80;56;24
2000-01-04;95;74;21
2000-01-05;108;77;31
2000-01-06;126;86;40
2000-01-07;126;96;30
2000-01-08;111;74;37
2000-01-09;112;55;57
2000-01-10;96;38;58
2000-01-11;133;44;89
2000-01-12;198;58;140
2000-01-13;226;62;164
2000-01-14;242;74;168
2000-01-15;232;78;154
2000-01-16;241;75;166
2000-01-17;193;52;141
2000-01-18;177;56;121
2000-01-19;168;57;111
2000-01-20;140;59;81
2000-01-21;130;74;56
2000-01-22;124;61;63
2000-01-23;121;72;49
2000-01-24;118;59;59
2000-01-25;126;56;70
2000-01-26;114;53;61
2000-01-27;103;35;68
2000-01-28;89;31;58
2000-01-29;90;19;71
2000-01-30;75;13;62
2000-01-31;86;33;53
2000-02-01;104;38;66
2000-02-02;94;43;51
2000-02-03;119;43;76
2000-02-04;145;66;79
2000-02-05;153;82;71
2000-02-06;200;91;109
2000-02-07;191;91;100
2000-02-08;188;85;103
2000-02-09;160;54;106
2000-02-10;179;65;114
2000-02-11;167;44;123
2000-02-12;166;31;135
2000-02-13;158;26;132
2000-02-14;175;43;132
2000-02-15;173;35;138
2000-02-16;192;23;169
2000-02-17;160;12;148
2000-02-18;153;24;129
2000-02-19;131;22;109
2000-02-20;112;25;87
2000-02-21;135;45;90
2000-02-22;147;51;96
2000-02-23;139;66;73
2000-02-24;180;100;80
2000-02-25;192;101;91
2000-02-26;211;107;104
2000-02-27;220;101;119
2000-02-28;222;96;126
2000-02-29;238;119;119
2000-03-01;217;104;113
2000-03-02;204;83;121
2000-03-03;179;64;115
2000-03-04;178;38;140
2000-03-05;178;30;148
2000-03-06;203;31;172
2000-03-07;244;36;208
2000-03-08;228;16;212
2000-03-09;229;19;210
2000-03-10;215;28;187
2000-03-11;200;30;170
2000-03-12;192;41;151
2000-03-13;190;41;149
2000-03-14;181;58;123
2000-03-15;162;42;120
2000-03-16;157;57;100
2000-03-17;149;69;80
2000-03-18;159;87;72
2000-03-19;198;127;71
2000-03-20;236;159;77
2000-03-21;233;164;69
2000-03-22;245;170;75
2000-03-23;286;181;105
2000-03-24;295;146;149
2000-03-25;291;127;164
2000-03-26;267;124;143
2000-03-27;244;123;121
2000-03-28;266;143;123
2000-03-29;233;101;132
2000-03-30;233;87;146
2000-03-31;258;96;162
2000-04-01;285;117;168
2000-04-02;294;129;165
2000-04-03;270;116;154
2000-04-04;250;108;142
2000-04-05;197;82;115
2000-04-06;165;53;112
2000-04-07;143;47;96
2000-04-08;153;50;103
2000-04-09;165;49;116
2000-04-10;156;44;112
2000-04-11;146;47;99
2000-04-12;172;68;104
2000-04-13;180;75;105
2000-04-14;174;92;82
2000-04-15;160;76;84
2000-04-16;150;80;70
2000-04-17;168;84;84
2000-04-18;143;75;68
2000-04-19;157;95;62
2000-04-20;185;109;76
2000-04-21;195;117;78
2000-04-22;221;131;90
2000-04-23;259;142;117
2000-04-24;244;137;107
2000-04-25;230;133;97
2000-04-26;208;112;96
2000-04-27;180;96;84
2000-04-28;189;78;111
2000-04-29;153;55;98
2000-04-30;153;58;95
2000-05-01;124;41;83
2000-05-02;109;40;69
2000-05-03;104;36;68
2000-05-04;97;31;66
2000-05-05;97;33;64
2000-05-06;57;15;42
2000-05-07;71;38;33
2000-05-08;87;63;24
2000-05-09;135;90;45
2000-05-10;164;119;45
2000-05-11;181;122;59
2000-05-12;181;108;73
2000-05-13;220;135;85
2000-05-14;263;139;124
2000-05-15;280;132;148
2000-05-16;258;116;142
2000-05-17;232;104;128
2000-05-18;220;98;122
2000-05-19;228;122;106
2000-05-20;246;133;113
2000-05-21;222;131;91
2000-05-22;195;112;83
2000-05-23;180;113;67
2000-05-24;183;124;59
2000-05-25;157;109;48
2000-05-26;160;97;63
2000-05-27;145;74;71
2000-05-28;169;74;95
2000-05-29;160;57;103
2000-05-30;127;36;91
2000-05-31;91;0;91
2000-06-01;128;63;65
2000-06-02;119;57;62
2000-06-03;113;72;41
2000-06-04;152;93;59
2000-06-05;143;92;51
2000-06-06;149;81;68
2000-06-07;158;92;66
2000-06-08;181;109;72
2000-06-09;184;124;60
2000-06-10;179;113;66
2000-06-11;227;174;53
2000-06-12;221;182;39
2000-06-13;235;196;39
2000-06-14;257;195;62
2000-06-15;238;184;54
2000-06-16;214;160;54
2000-06-17;209;147;62
2000-06-18;221;158;63
2000-06-19;218;162;56
2000-06-20;239;174;65
2000-06-21;221;162;59
2000-06-22;191;125;66
2000-06-23;187;107;80
2000-06-24;179;105;74
2000-06-25;167;84;83
2000-06-26;194;101;93
2000-06-27;208;102;106
2000-06-28;173;95;78
2000-06-29;164;90;74
2000-06-30;172;98;74
2000-07-01;208;106;102
2000-07-02;202;93;109
2000-07-03;178;85;93
2000-07-04;164;78;86
2000-07-05;182;93;89
2000-07-06;221;108;113
2000-07-07;254;133;121
2000-07-08;254;112;142
2000-07-09;257;111;146
2000-07-10;309;145;164
2000-07-11;290;146;144
2000-07-12;267;148;119
2000-07-13;279;164;115
2000-07-14;236;154;82
2000-07-15;213;157;56
2000-07-16;283;205;78
2000-07-17;322;200;122
2000-07-18;327;194;133
2000-07-19;353;204;149
2000-07-20;346;204;142
2000-07-21;332;204;128
2000-07-22;310;184;126
2000-07-23;286;155;131
2000-07-24;246;132;114
2000-07-25;254;119;135
2000-07-26;191;101;90
2000-07-27;181;96;85
2000-07-28;172;93;79
2000-07-29;162;85;77
2000-07-30;161;75;86
2000-07-31;134;49;85
2000-08-01;147;57;90
2000-08-02;152;62;90
2000-08-03;148;72;76
2000-08-04;152;62;90
2000-08-05;199;80;119
2000-08-06;198;71;127
2000-08-07;227;97;130
2000-08-08;194;105;89
2000-08-09;177;108;69
2000-08-10;213;129;84
2000-08-11;228;146;82
2000-08-12;235;155;80
2000-08-13;243;156;87
2000-08-14;282;191;91
2000-08-15;253;169;84
2000-08-16;246;152;94
2000-08-17;210;119;91
2000-08-18;194;122;72
2000-08-19;184;113;71
2000-08-20;147;76;71
2000-08-21;106;51;55
2000-08-22;93;43;50
2000-08-23;93;43;50
2000-08-24;106;55;51
2000-08-25;112;69;43
2000-08-26;109;61;48
2000-08-27;156;69;87
2000-08-28;183;97;86
2000-08-29;191;111;80
2000-08-30;199;135;64
2000-08-31;217;156;61
2000-09-01;202;139;63
2000-09-02;168;114;54
2000-09-03;182;105;77
2000-09-04;191;91;100
2000-09-05;162;88;74
2000-09-06;162;98;64
2000-09-07;156;98;58
2000-09-08;121;81;40
2000-09-09;90;56;34
2000-09-10;60;36;24
2000-09-11;37;23;14
2000-09-12;50;13;37
2000-09-13;78;28;50
2000-09-14;85;33;52
2000-09-15;109;55;54
2000-09-16;121;63;58
2000-09-17;154;100;54
2000-09-18;159;106;53
2000-09-19;172;115;57
2000-09-20;176;116;60
2000-09-21;195;120;75
2000-09-22;202;111;91
2000-09-23;227;125;102
2000-09-24;232;135;97
2000-09-25;218;121;97
2000-09-26;229;127;102
2000-09-27;230;124;106
2000-09-28;202;80;122
2000-09-29;169;60;109
2000-09-30;142;38;104
2000-10-01;164;33;131
2000-10-02;218;63;155
2000-10-03;227;61;166
2000-10-04;214;67;147
2000-10-05;183;56;127
2000-10-06;138;47;91
2000-10-07;94;28;66
2000-10-08;103;39;64
2000-10-09;101;43;58
2000-10-10;81;48;33
2000-10-11;117;54;63
2000-10-12;174;73;101
2000-10-13;173;80;93
2000-10-14;148;48;100
2000-10-15;118;33;85
2000-10-16;131;34;97
2000-10-17;138;48;90
2000-10-18;135;51;84
2000-10-19;128;68;60
2000-10-20;134;96;38
2000-10-21;138;101;37
2000-10-22;127;91;36
2000-10-23;121;84;37
2000-10-24;117;73;44
2000-10-25;125;70;55
2000-10-26;104;47;57
2000-10-27;114;41;73
2000-10-28;151;63;88
2000-10-29;161;67;94
2000-10-30;154;60;94
2000-10-31;158;63;95
2000-11-01;207;108;99
2000-11-02;218;119;99
2000-11-03;209;122;87
2000-11-04;192;114;78
2000-11-05;197;121;76
2000-11-06;160;84;76
2000-11-07;181;96;85
2000-11-08;188;99;89
2000-11-09;141;65;76
2000-11-10;149;81;68
2000-11-11;133;62;71
2000-11-12;107;40;67
2000-11-13;104;33;71
2000-11-14;124;44;80
2000-11-15;145;65;80
2000-11-16;141;70;71
2000-11-17;139;84;55
2000-11-18;172;110;62
2000-11-19;185;133;52
2000-11-20;163;113;50
2000-11-21;178;113;65
2000-11-22;167;108;59
2000-11-23;135;95;40
2000-11-24;145;98;47
2000-11-25;109;80;29
2000-11-26;87;74;13
2000-11-27;124;97;27
2000-11-28;157;120;37
2000-11-29;182;123;59
2000-11-30;204;121;83
2000-12-01;159;86;73
2000-12-02;150;66;84
2000-12-03;162;76;86
2000-12-04;99;62;37
2000-12-05;89;62;27
2000-12-06;78;48;30
2000-12-07;93;53;40
2000-12-08;78;45;33
2000-12-09;80;65;15
2000-12-10;85;66;19
2000-12-11;99;78;21
2000-12-12;122;89;33
2000-12-13;157;117;40
2000-12-14;185;122;63
2000-12-15;210;147;63
2000-12-16;199;136;63
2000-12-17;207;129;78
2000-12-18;190;112;78
2000-12-19;162;93;69
2000-12-20;174;116;58
2000-12-21;159;104;55
2000-12-22;147;99;48
2000-12-23;140;88;52
2000-12-24;158;99;59
2000-12-25;148;81;67
2000-12-26;166;91;75
2000-12-27;162;77;85
2000-12-28;162;76;86
2000-12-29;151;71;80
2000-12-30;152;68;84
2000-12-31;119;33;86
2001-01-01;133;45;88
2001-01-02;140;49;91
2001-01-03;131;55;76
2001-01-04;146;77;69
2001-01-05;164;103;61
2001-01-06;194;115;79
2001-01-07;195;107;88
2001-01-08;157;123;34
2001-01-09;172;129;43
2001-01-10;151;133;18
2001-01-11;172;148;24
2001-01-12;175;162;13
2001-01-13;166;144;22
2001-01-14;149;149;0
2001-01-15;137;137;0
2001-01-16;112;112;0
2001-01-17;88;76;12
2001-01-18;90;71;19
2001-01-19;109;60;49
2001-01-20;91;30;61
2001-01-21;121;40;81
2001-01-22;139;19;120
2001-01-23;167;37;130
2001-01-24;176;45;131
2001-01-25;158;37;121
2001-01-26;125;25;100
2001-01-27;145;43;102
2001-01-28;152;60;92
2001-01-29;134;52;82
2001-01-30;104;56;48
2001-01-31;128;89;39
2001-02-01;118;100;18
2001-02-02;118;106;12
2001-02-03;139;119;20
2001-02-04;137;101;36
2001-02-05;158;90;68
2001-02-06;166;75;91
2001-02-07;167;105;62
2001-02-08;167;93;74
2001-02-09;172;100;72
2001-02-10;158;87;71
2001-02-11;151;89;62
2001-02-12;107;69;38
2001-02-13;107;57;50
2001-02-14;103;61;42
2001-02-15;113;59;54
2001-02-16;110;62;48
2001-02-17;107;50;57
2001-02-18;115;38;77
2001-02-19;113;38;75
2001-02-20;115;24;91
2001-02-21;142;30;112
2001-02-22;122;33;89
2001-02-23;89;24;65
2001-02-24;84;26;58
2001-02-25;84;26;58
2001-02-26;87;42;45
2001-02-27;75;38;37
2001-02-28;77;30;47
2001-03-01;76;34;42
2001-03-02;77;28;49
2001-03-03;110;62;48
2001-03-04;134;76;58
2001-03-05;152;95;57
2001-03-06;133;99;34
2001-03-07;124;89;35
2001-03-08;92;69;23
2001-03-09;115;76;39
2001-03-10;142;66;76
2001-03-11;132;41;91
2001-03-12;139;44;95
2001-03-13;108;23;85
2001-03-14;117;0;117
2001-03-15;110;16;94
2001-03-16;102;22;80
2001-03-17;75;32;43
2001-03-18;89;31;58
2001-03-19;96;42;54
2001-03-20;117;61;56
2001-03-21;129;69;60
2001-03-22;124;85;39
2001-03-23;165;104;61
2001-03-24;218;133;85
2001-03-25;272;155;117
2001-03-26;319;173;146
2001-03-27;352;183;169
2001-03-28;343;177;166
2001-03-29;340;175;165
2001-03-30;338;173;165
2001-03-31;300;154;146
2001-04-01;279;131;148
2001-04-02;249;122;127
2001-04-03;254;117;137
2001-04-04;201;102;99
2001-04-05;200;93;107
2001-04-06;165;78;87
2001-04-07;150;50;100
2001-04-08;173;51;122
2001-04-09;165;51;114
2001-04-10;171;38;133
2001-04-11;173;32;141
2001-04-12;155;17;138
2001-04-13;147;17;130
2001-04-14;138;44;94
2001-04-15;113;29;84
2001-04-16;87;27;60
2001-04-17;42;14;28
2001-04-18;57;45;12
2001-04-19;93;93;0
2001-04-20;129;92;37
2001-04-21;174;107;67
2001-04-22;164;105;59
2001-04-23;159;102;57
2001-04-24;164;110;54
2001-04-25;179;117;62
2001-04-26;179;120;59
2001-04-27;192;132;60
2001-04-28;161;120;41
2001-04-29;170;125;45
2001-04-30;168;131;37
2001-05-01;157;122;35
2001-05-02;174;133;41
2001-05-03;169;137;32
2001-05-04;194;163;31
2001-05-05;174;131;43
2001-05-06;135;98;37
2001-05-07;116;63;53
2001-05-08;81;38;43
2001-05-09;93;34;59
2001-05-10;88;31;57
2001-05-11;118;52;66
2001-05-12;124;63;61
2001-05-13;125;65;60
2001-05-14;150;66;84
2001-05-15;141;60;81
2001-05-16;146;78;68
2001-05-17;140;87;53
2001-05-18;137;97;40
2001-05-19;125;88;37
2001-05-20;121;68;53
2001-05-21;140;87;53
2001-05-22;178;113;65
2001-05-23;197;125;72
2001-05-24;174;115;59
2001-05-25;165;119;46
2001-05-26;174;128;46
2001-05-27;182;125;57
2001-05-28;151;111;40
2001-05-29;125;104;21
2001-05-30;110;87;23
2001-05-31;101;75;26
2001-06-01;88;49;39
2001-06-02;150;55;95
2001-06-03;150;64;86
2001-06-04;145;65;80
2001-06-05;161;88;73
2001-06-06;180;113;67
2001-06-07;195;122;73
2001-06-08;215;141;74
2001-06-09;254;160;94
2001-06-10;241;165;76
2001-06-11;262;176;86
2001-06-12;259;168;91
2001-06-13;242;188;54
2001-06-14;273;212;61
2001-06-15;282;232;50
2001-06-16;289;221;68
2001-06-17;270;220;50
2001-06-18;232;191;41
2001-06-19;214;164;50
2001-06-20;206;155;51
2001-06-21;218;144;74
2001-06-22;229;150;79
2001-06-23;235;162;73
2001-06-24;220;150;70
2001-06-25;198;128;70
2001-06-26;173;105;68
2001-06-27;162;92;70
2001-06-28;135;68;67
2001-06-29;112;58;54
2001-06-30;98;50;48
2001-07-01;111;56;55
2001-07-02;125;65;60
2001-07-03;120;72;48
2001-07-04;107;72;35
2001-07-05;93;57;36
2001-07-06;68;36;32
2001-07-07;71;38;33
2001-07-08;81;26;55
2001-07-09;107;38;69
2001-07-10;105;48;57
2001-07-11;104;50;54
2001-07-12;135;63;72
2001-07-13;167;89;78
2001-07-14;149;74;75
2001-07-15;153;66;87
2001-07-16;170;86;84
2001-07-17;185;86;99
2001-07-18;191;93;98
2001-07-19;183;95;88
2001-07-20;177;95;82
2001-07-21;144;86;58
2001-07-22;150;90;60
2001-07-23;152;92;60
2001-07-24;135;75;60
2001-07-25;119;65;54
2001-07-26;92;50;42
2001-07-27;90;48;42
2001-07-28;95;39;56
2001-07-29;69;23;46
2001-07-30;86;18;68
2001-07-31;78;23;55
2001-08-01;94;44;50
2001-08-02;123;62;61
2001-08-03;141;68;73
2001-08-04;175;93;82
2001-08-05;198;93;105
2001-08-06;182;82;100
2001-08-07;179;90;89
2001-08-08;178;87;91
2001-08-09;158;88;70
2001-08-10;150;73;77
2001-08-11;170;77;93
2001-08-12;170;67;103
2001-08-13;138;53;85
2001-08-14;141;42;99
2001-08-15;161;59;102
2001-08-16;193;85;108
2001-08-17;178;81;97
2001-08-18;161;84;77
2001-08-19;152;82;70
2001-08-20;153;97;56
2001-08-21;167;111;56
2001-08-22;170;109;61
2001-08-23;181;103;78
2001-08-24;176;90;86
2001-08-25;140;62;78
2001-08-26;153;50;103
2001-08-27;170;65;105
2001-08-28;184;73;111
2001-08-29;146;68;78
2001-08-30;150;70;80
2001-08-31;175;91;84
2001-09-01;163;78;85
2001-09-02;168;78;90
2001-09-03;190;86;104
2001-09-04;171;79;92
2001-09-05;190;78;112
2001-09-06;223;68;155
2001-09-07;262;82;180
2001-09-08;288;98;190
2001-09-09;262;71;191
2001-09-10;237;52;185
2001-09-11;199;43;156
2001-09-12;235;57;178
2001-09-13;237;52;185
2001-09-14;234;57;177
2001-09-15;205;62;143
2001-09-16;191;87;104
2001-09-17;177;95;82
2001-09-18;215;133;82
2001-09-19;226;145;81
2001-09-20;289;180;109
2001-09-21;273;156;117
2001-09-22;259;150;109
2001-09-23;294;169;125
2001-09-24;316;172;144
2001-09-25;305;175;130
2001-09-26;277;166;111
2001-09-27;278;171;107
2001-09-28;269;160;109
2001-09-29;251;136;115
2001-09-30;261;141;120
2001-10-01;260;139;121
2001-10-02;223;127;96
2001-10-03;209;111;98
2001-10-04;204;83;121
2001-10-05;176;45;131
2001-10-06;161;34;127
2001-10-07;159;23;136
2001-10-08;119;20;99
2001-10-09;122;23;99
2001-10-10;151;48;103
2001-10-11;175;68;107
2001-10-12;196;85;111
2001-10-13;167;71;96
2001-10-14;178;91;87
2001-10-15;190;117;73
2001-10-16;187;119;68
2001-10-17;195;125;70
2001-10-18;203;129;74
2001-10-19;221;133;88
2001-10-20;247;145;102
2001-10-21;238;136;102
2001-10-22;209;122;87
2001-10-23;221;130;91
2001-10-24;209;98;111
2001-10-25;233;123;110
2001-10-26;238;141;97
2001-10-27;221;133;88
2001-10-28;215;145;70
2001-10-29;186;138;48
2001-10-30;159;133;26
2001-10-31;144;144;0
2001-11-01;159;139;20
2001-11-02;166;134;32
2001-11-03;166;125;41
2001-11-04;184;118;66
2001-11-05;216;113;103
2001-11-06;232;114;118
2001-11-07;204;85;119
2001-11-08;252;124;128
2001-11-09;247;109;138
2001-11-10;247;116;131
2001-11-11;240;114;126
2001-11-12;201;93;108
2001-11-13;196;66;130
2001-11-14;196;86;110
2001-11-15;194;106;88
2001-11-16;149;88;61
2001-11-17;141;83;58
2001-11-18;153;98;55
2001-11-19;134;66;68
2001-11-20;144;60;84
2001-11-21;133;47;86
2001-11-22;144;60;84
2001-11-23;133;50;83
2001-11-24;111;51;60
2001-11-25;121;46;75
2001-11-26;139;66;73
2001-11-27;126;85;41
2001-11-28;177;112;65
2001-11-29;191;125;66
2001-11-30;201;130;71
2001-12-01;215;108;107
2001-12-02;241;100;141
2001-12-03;242;97;145
2001-12-04;234;79;155
2001-12-05;255;97;158
2001-12-06;229;95;134
2001-12-07;223;97;126
2001-12-08;226;107;119
2001-12-09;228;115;113
2001-12-10;186;92;94
2001-12-11;171;81;90
2001-12-12;189;87;102
2001-12-13;192;79;113
2001-12-14;163;71;92
2001-12-15;174;81;93
2001-12-16;194;91;103
2001-12-17;192;94;98
2001-12-18;186;94;92
2001-12-19;160;97;63
2001-12-20;163;110;53
2001-12-21;194;102;92
2001-12-22;218;107;111
2001-12-23;215;120;95
2001-12-24;253;137;116
2001-12-25;231;124;107
2001-12-26;270;126;144
2001-12-27;265;120;145
2001-12-28;252;113;139
2001-12-29;221;102;119
2001-12-30;216;97;119
2001-12-31;218;102;116
2002-01-01;220;94;126
2002-01-02;218;92;126
2002-01-03;220;81;139
2002-01-04;230;81;149
2002-01-05;191;62;129
2002-01-06;159;62;97
2002-01-07;146;55;91
2002-01-08;162;73;89
2002-01-09;196;87;109
2002-01-10;186;82;104
2002-01-11;209;92;117
2002-01-12;209;92;117
2002-01-13;201;84;117
2002-01-14;197;81;116
2002-01-15;168;74;94
2002-01-16;141;58;83
2002-01-17;120;54;66
2002-01-18;139;65;74
2002-01-19;160;86;74
2002-01-20;176;86;90
2002-01-21;191;89;102
2002-01-22;194;78;116
2002-01-23;227;91;136
2002-01-24;186;66;120
2002-01-25;157;79;78
2002-01-26;172;80;92
2002-01-27;191;92;99
2002-01-28;196;84;112
2002-01-29;188;83;105
2002-01-30;193;73;120
2002-01-31;181;79;102
2002-02-01;179;73;106
2002-02-02;214;94;120
2002-02-03;252;106;146
2002-02-04;243;84;159
2002-02-05;239;92;147
2002-02-06;198;74;124
2002-02-07;165;71;94
2002-02-08;165;97;68
2002-02-09;174;100;74
2002-02-10;166;65;101
2002-02-11;173;60;113
2002-02-12;174;76;98
2002-02-13;165;78;87
2002-02-14;146;78;68
2002-02-15;163;76;87
2002-02-16;125;60;65
2002-02-17;144;65;79
2002-02-18;127;56;71
2002-02-19;124;56;68
2002-02-20;151;56;95
2002-02-21;128;43;85
2002-02-22;133;30;103
2002-02-23;149;49;100
2002-02-24;157;46;111
2002-02-25;192;57;135
2002-02-26;195;60;135
2002-02-27;170;79;91
2002-02-28;154;73;81
2002-03-01;163;82;81
2002-03-02;117;60;57
2002-03-03;167;79;88
2002-03-04;170;49;121
2002-03-05;158;40;118
2002-03-06;167;76;91
2002-03-07;139;58;81
2002-03-08;118;36;82
2002-03-09;111;29;82
2002-03-10;117;32;85
2002-03-11;154;57;97
2002-03-12;135;44;91
2002-03-13;138;39;99
2002-03-14;130;31;99
2002-03-15;150;29;121
2002-03-16;141;32;109
2002-03-17;132;21;111
2002-03-18;138;21;117
2002-03-19;114;14;100
2002-03-20;127;27;100
2002-03-21;142;46;96
2002-03-22;139;43;96
2002-03-23;158;79;79
2002-03-24;166;84;82
2002-03-25;163;82;81
2002-03-26;151;79;72
2002-03-27;172;97;75
2002-03-28;160;87;73
2002-03-29;170;109;61
2002-03-30;166;111;55
2002-03-31;187;115;72
2002-04-01;180;118;62
2002-04-02;201;125;76
2002-04-03;195;124;71
2002-04-04;197;147;50
2002-04-05;197;150;47
2002-04-06;211;157;54
2002-04-07;214;127;87
2002-04-08;208;129;79
2002-04-09;229;130;99
2002-04-10;220;125;95
2002-04-11;235;119;116
2002-04-12;251;129;122
2002-04-13;223;113;110
2002-04-14;232;124;108
2002-04-15;214;107;107
2002-04-16;175;73;102
2002-04-17;146;48;98
2002-04-18;164;62;102
2002-04-19;161;48;113
2002-04-20;158;60;98
2002-04-21;147;71;76
2002-04-22;144;90;54
2002-04-23;177;113;64
2002-04-24;232;118;114
2002-04-25;228;121;107
2002-04-26;156;90;66
2002-04-27;136;102;34
2002-04-28;110;95;15
2002-04-29;135;102;33
2002-04-30;132;99;33
2002-05-01;158;108;50
2002-05-02;177;101;76
2002-05-03;231;112;119
2002-05-04;258;115;143
2002-05-05;267;101;166
2002-05-06;231;90;141
2002-05-07;244;93;151
2002-05-08;220;81;139
2002-05-09;196;61;135
2002-05-10;207;44;163
2002-05-11;214;36;178
2002-05-12;202;40;162
2002-05-13;161;26;135
2002-05-14;118;14;104
2002-05-15;115;25;90
2002-05-16;130;42;88
2002-05-17;134;58;76
2002-05-18;144;65;79
2002-05-19;144;73;71
2002-05-20;166;93;73
2002-05-21;188;107;81
2002-05-22;213;120;93
2002-05-23;211;127;84
2002-05-24;199;131;68
2002-05-25;197;137;60
2002-05-26;188;140;48
2002-05-27;191;140;51
2002-05-28;185;127;58
2002-05-29;177;98;79
2002-05-30;160;75;85
2002-05-31;186;67;119
2002-06-01;181;53;128
2002-06-02;188;41;147
2002-06-03;194;58;136
2002-06-04;219;89;130
2002-06-05;184;83;101
2002-06-06;197;66;131
2002-06-07;197;63;134
2002-06-08;185;60;125
2002-06-09;165;53;112
2002-06-10;128;44;84
2002-06-11;99;28;71
2002-06-12;109;48;61
2002-06-13;80;33;47
2002-06-14;107;51;56
2002-06-15;102;51;51
2002-06-16;117;67;50
2002-06-17;88;59;29
2002-06-18;127;69;58
2002-06-19;115;58;57
2002-06-20;108;48;60
2002-06-21;83;38;45
2002-06-22;83;35;48
2002-06-23;95;39;56
2002-06-24;108;36;72
2002-06-25;111;38;73
2002-06-26;108;25;83
2002-06-27;96;13;83
2002-06-28;88;16;72
2002-06-29;96;13;83
2002-06-30;105;28;77
2002-07-01;94;15;79
2002-07-02;99;0;99
2002-07-03;129;0;129
2002-07-04;133;0;133
2002-07-05;142;0;142
2002-07-06;121;0;121
2002-07-07;107;0;107
2002-07-08;102;0;102
2002-07-09;103;14;89
2002-07-10;94;19;75
2002-07-11;99;45;54
2002-07-12;84;53;31
2002-07-13;116;71;45
2002-07-14;126;78;48
2002-07-15;155;102;53
2002-07-16;160;108;52
2002-07-17;147;94;53
2002-07-18;149;91;58
2002-07-19;134;71;63
2002-07-20;124;55;69
2002-07-21;124;52;72
2002-07-22;147;47;100
2002-07-23;196;53;143
2002-07-24;209;68;141
2002-07-25;215;78;137
2002-07-26;265;113;152
2002-07-27;294;100;194
2002-07-28;310;121;189
2002-07-29;293;86;207
2002-07-30;281;79;202
2002-07-31;239;66;173
2002-08-01;207;42;165
2002-08-02;199;42;157
2002-08-03;183;44;139
2002-08-04;143;54;89
2002-08-05;127;50;77
2002-08-06;131;75;56
2002-08-07;133;79;54
2002-08-08;115;70;45
2002-08-09;110;84;26
2002-08-10;110;80;30
2002-08-11;149;104;45
2002-08-12;177;103;74
2002-08-13;202;109;93
2002-08-14;267;143;124
2002-08-15;279;143;136
2002-08-16;263;145;118
2002-08-17;281;141;140
2002-08-18;270;127;143
2002-08-19;248;86;162
2002-08-20;211;74;137
2002-08-21;192;42;150
2002-08-22;172;30;142
2002-08-23;186;18;168
2002-08-24;149;0;149
2002-08-25;148;15;133
2002-08-26;119;15;104
2002-08-27;121;11;110
2002-08-28;122;0;122
2002-08-29;124;17;107
2002-08-30;146;33;113
2002-08-31;160;45;115
2002-09-01;206;82;124
2002-09-02;233;105;128
2002-09-03;252;129;123
2002-09-04;247;134;113
2002-09-05;226;128;98
2002-09-06;202;116;86
2002-09-07;206;117;89
2002-09-08;213;131;82
2002-09-09;199;112;87
2002-09-10;202;103;99
2002-09-11;187;96;91
2002-09-12;187;96;91
2002-09-13;187;103;84
2002-09-14;149;57;92
2002-09-15;166;63;103
2002-09-16;170;53;117
2002-09-17;199;43;156
2002-09-18;207;43;164
2002-09-19;192;27;165
2002-09-20;195;19;176
2002-09-21;182;21;161
2002-09-22;185;41;144
2002-09-23;192;43;149
2002-09-24;177;69;108
2002-09-25;190;91;99
2002-09-26;154;91;63
2002-09-27;154;87;67
2002-09-28;137;89;48
2002-09-29;130;79;51
2002-09-30;110;74;36
2002-10-01;90;61;29
2002-10-02;109;69;40
2002-10-03;104;64;40
2002-10-04;93;60;33
2002-10-05;118;64;54
2002-10-06;126;64;62
2002-10-07;123;62;61
2002-10-08;157;89;68
2002-10-09;164;79;85
2002-10-10;200;118;82
2002-10-11;188;123;65
2002-10-12;189;121;68
2002-10-13;185;109;76
2002-10-14;177;95;82
2002-10-15;180;84;96
2002-10-16;199;81;118
2002-10-17;171;65;106
2002-10-18;183;62;121
2002-10-19;186;71;115
2002-10-20;189;96;93
2002-10-21;144;81;63
2002-10-22;136;80;56
2002-10-23;119;79;40
2002-10-24;113;85;28
2002-10-25;119;94;25
2002-10-26;126;92;34
2002-10-27;130;91;39
2002-10-28;135;82;53
2002-10-29;177;102;75
2002-10-30;186;126;60
2002-10-31;171;134;37
2002-11-01;191;151;40
2002-11-02;177;119;58
2002-11-03;190;120;70
2002-11-04;165;96;69
2002-11-05;188;99;89
2002-11-06;211;117;94
2002-11-07;223;108;115
2002-11-08;188;74;114
2002-11-09;199;79;120
2002-11-10;194;66;128
2002-11-11;176;45;131
2002-11-12;154;14;140
2002-11-13;145;14;131
2002-11-14;160;37;123
2002-11-15;157;52;105
2002-11-16;137;35;102
2002-11-17;140;35;105
2002-11-18;128;37;91
2002-11-19;114;15;99
2002-11-20;145;34;111
2002-11-21;126;35;91
2002-11-22;122;29;93
2002-11-23;119;25;94
2002-11-24;103;29;74
2002-11-25;86;29;57
2002-11-26;76;36;40
2002-11-27;105;54;51
2002-11-28;108;57;51
2002-11-29;94;55;39
2002-11-30;94;39;55
2002-12-01;121;40;81
2002-12-02;110;53;57
2002-12-03;107;62;45
2002-12-04;134;85;49
2002-12-05;137;89;48
2002-12-06;137;90;47
2002-12-07;132;82;50
2002-12-08;164;89;75
2002-12-09;179;89;90
2002-12-10;157;40;117
2002-12-11;124;44;80
2002-12-12;109;30;79
2002-12-13;126;42;84
2002-12-14;208;81;127
2002-12-15;199;90;109
2002-12-16;216;116;100
2002-12-17;234;119;115
2002-12-18;224;99;125
2002-12-19;224;85;139
2002-12-20;208;84;124
2002-12-21;187;68;119
2002-12-22;174;54;120
2002-12-23;126;32;94
2002-12-24;95;30;65
2002-12-25;59;30;29
2002-12-26;54;25;29
2002-12-27;49;24;25
2002-12-28;45;33;12
2002-12-29;52;34;18
2002-12-30;49;24;25
2002-12-31;55;15;40
2003-01-01;52;13;39
2003-01-02;45;12;33
2003-01-03;110;23;87
2003-01-04;109;13;96
2003-01-05;114;13;101
2003-01-06;144;30;114
2003-01-07;151;25;126
2003-01-08;181;17;164
2003-01-09;182;13;169
2003-01-10;196;17;179
2003-01-11;196;20;176
2003-01-12;174;15;159
2003-01-13;157;0;157
2003-01-14;157;37;120
2003-01-15;141;42;99
2003-01-16;141;54;87
2003-01-17;136;60;76
2003-01-18;129;64;65
2003-01-19;146;76;70
2003-01-20;156;86;70
2003-01-21;114;57;57
2003-01-22;144;57;87
2003-01-23;117;40;77
2003-01-24;127;37;90
2003-01-25;99;23;76
2003-01-26;121;20;101
2003-01-27;142;35;107
2003-01-28;142;37;105
2003-01-29;141;24;117
2003-01-30;104;22;82
2003-01-31;69;17;52
2003-02-01;66;12;54
2003-02-02;71;0;71
2003-02-03;59;0;59
2003-02-04;58;0;58
2003-02-05;82;18;64
2003-02-06;112;23;89
2003-02-07;135;38;97
2003-02-08;143;51;92
2003-02-09;153;53;100
2003-02-10;120;36;84
2003-02-11;120;44;76
2003-02-12;117;48;69
2003-02-13;97;41;56
2003-02-14;74;36;38
2003-02-15;51;51;0
2003-02-16;33;33;0
2003-02-17;16;16;0
2003-02-18;33;33;0
2003-02-19;54;54;0
2003-02-20;72;61;11
2003-02-21;76;61;15
2003-02-22;56;43;13
2003-02-23;46;46;0
2003-02-24;46;46;0
2003-02-25;53;36;17
2003-02-26;49;34;15
2003-02-27;71;17;54
2003-02-28;56;18;38
2003-03-01;79;23;56
2003-03-02;97;31;66
2003-03-03;94;40;54
2003-03-04;132;66;66
2003-03-05;107;64;43
2003-03-06;104;64;40
2003-03-07;130;81;49
2003-03-08;109;58;51
2003-03-09;147;74;73
2003-03-10;117;49;68
2003-03-11;114;63;51
2003-03-12;92;58;34
2003-03-13;74;56;18
2003-03-14;96;55;41
2003-03-15;104;54;50
2003-03-16;102;48;54
2003-03-17;68;23;45
2003-03-18;71;23;48
2003-03-19;64;18;46
2003-03-20;48;13;35
2003-03-21;38;0;38
2003-03-22;13;0;13
2003-03-23;45;23;22
2003-03-24;54;41;13
2003-03-25;86;61;25
2003-03-26;115;82;33
2003-03-27;134;89;45
2003-03-28;150;92;58
2003-03-29;185;96;89
2003-03-30;185;94;91
2003-03-31;168;81;87
2003-04-01;152;57;95
2003-04-02;168;70;98
2003-04-03;147;70;77
2003-04-04;117;59;58
2003-04-05;98;49;49
2003-04-06;85;36;49
2003-04-07;78;37;41
2003-04-08;55;42;13
2003-04-09;69;41;28
2003-04-10;62;34;28
2003-04-11;41;25;16
2003-04-12;60;41;19
2003-04-13;62;34;28
2003-04-14;57;29;28
2003-04-15;47;16;31
2003-04-16;26;0;26
2003-04-17;31;0;31
2003-04-18;44;21;23
2003-04-19;55;28;27
2003-04-20;73;39;34
2003-04-21;95;57;38
2003-04-22;122;70;52
2003-04-23;119;82;37
2003-04-24;119;80;39
2003-04-25;145;108;37
2003-04-26;140;83;57
2003-04-27;168;62;106
2003-04-28;163;44;119
2003-04-29;178;42;136
2003-04-30;160;36;124
2003-05-01;157;46;111
2003-05-02;137;43;94
2003-05-03;151;41;110
2003-05-04;153;46;107
2003-05-05;148;51;97
2003-05-06;124;49;75
2003-05-07;103;29;74
2003-05-08;52;27;25
2003-05-09;32;32;0
2003-05-10;27;27;0
2003-05-11;57;32;25
2003-05-12;60;30;30
2003-05-13;65;35;30
2003-05-14;68;36;32
2003-05-15;79;46;33
2003-05-16;81;46;35
2003-05-17;62;0;62
2003-05-18;70;19;51
2003-05-19;76;0;76
2003-05-20;97;0;97
2003-05-21;79;0;79
2003-05-22;103;0;103
2003-05-23;91;29;62
2003-05-24;59;0;59
2003-05-25;62;0;62
2003-05-26;83;13;70
2003-05-27;91;0;91
2003-05-28;99;14;85
2003-05-29;89;14;75
2003-05-30;70;13;57
2003-05-31;67;14;53
2003-06-01;64;32;32
2003-06-02;58;41;17
2003-06-03;61;44;17
2003-06-04;72;57;15
2003-06-05;91;77;14
2003-06-06;132;106;26
2003-06-07;150;115;35
2003-06-08;155;117;38
2003-06-09;170;123;47
2003-06-10;170;93;77
2003-06-11;178;95;83
2003-06-12;176;78;98
2003-06-13;147;58;89
2003-06-14;124;46;78
2003-06-15;97;43;54
2003-06-16;87;24;63
2003-06-17;86;34;52
2003-06-18;104;44;60
2003-06-19;117;38;79
2003-06-20;114;43;71
2003-06-21;95;32;63
2003-06-22;94;42;52
2003-06-23;101;61;40
2003-06-24;104;67;37
2003-06-25;117;88;29
2003-06-26;126;97;29
2003-06-27;143;112;31
2003-06-28;143;108;35
2003-06-29;144;107;37
2003-06-30;141;110;31
2003-07-01;154;120;34
2003-07-02;149;135;14
2003-07-03;123;123;0
2003-07-04;103;103;0
2003-07-05;86;86;0
2003-07-06;97;97;0
2003-07-07;131;79;52
2003-07-08;137;71;66
2003-07-09;139;71;68
2003-07-10;114;46;68
2003-07-11;94;20;74
2003-07-12;105;20;85
2003-07-13;148;57;91
2003-07-14;148;71;77
2003-07-15;162;97;65
2003-07-16;162;100;62
2003-07-17;173;111;62
2003-07-18;186;111;75
2003-07-19;197;103;94
2003-07-20;248;111;137
2003-07-21;225;102;123
2003-07-22;190;80;110
2003-07-23;154;72;82
2003-07-24;120;69;51
2003-07-25;72;46;26
2003-07-26;43;31;12
2003-07-27;51;32;19
2003-07-28;77;48;29
2003-07-29;66;32;34
2003-07-30;59;34;25
2003-07-31;65;31;34
2003-08-01;78;24;54
2003-08-02;89;13;76
2003-08-03;121;35;86
2003-08-04;116;37;79
2003-08-05;138;46;92
2003-08-06;132;33;99
2003-08-07;124;25;99
2003-08-08;109;0;109
2003-08-09;111;0;111
2003-08-10;114;0;114
2003-08-11;114;0;114
2003-08-12;113;0;113
2003-08-13;111;10;101
2003-08-14;100;0;100
2003-08-15;106;0;106
2003-08-16;116;0;116
2003-08-17;117;19;98
2003-08-18;106;22;84
2003-08-19;92;30;62
2003-08-20;98;44;54
2003-08-21;92;73;19
2003-08-22;109;68;41
2003-08-23;121;81;40
2003-08-24;130;90;40
2003-08-25;130;98;32
2003-08-26;141;106;35
2003-08-27;143;100;43
2003-08-28;151;103;48
2003-08-29;135;84;51
2003-08-30;117;74;43
2003-08-31;103;62;41
2003-09-01;74;21;53
2003-09-02;74;21;53
2003-09-03;76;15;61
2003-09-04;81;11;70
2003-09-05;63;0;63
2003-09-06;60;0;60
2003-09-07;48;0;48
2003-09-08;40;0;40
2003-09-09;27;0;27
2003-09-10;40;0;40
2003-09-11;55;0;55
2003-09-12;47;0;47
2003-09-13;48;0;48
2003-09-14;53;0;53
2003-09-15;68;23;45
2003-09-16;74;27;47
2003-09-17;94;53;41
2003-09-18;94;55;39
2003-09-19;84;48;36
2003-09-20;74;40;34
2003-09-21;81;57;24
2003-09-22;92;48;44
2003-09-23;105;57;48
2003-09-24;103;60;43
2003-09-25;108;69;39
2003-09-26;124;77;47
2003-09-27;127;74;53
2003-09-28;115;60;55
2003-09-29;119;51;68
2003-09-30;106;34;72
2003-10-01;114;30;84
2003-10-02;102;23;79
2003-10-03;93;12;81
2003-10-04;73;0;73
2003-10-05;75;0;75
2003-10-06;61;0;61
2003-10-07;61;0;61
2003-10-08;64;0;64
2003-10-09;70;15;55
2003-10-10;67;19;48
2003-10-11;66;24;42
2003-10-12;37;13;24
2003-10-13;19;0;19
2003-10-14;19;10;9
2003-10-15;19;19;0
2003-10-16;28;15;13
2003-10-17;45;24;21
2003-10-18;61;40;21
2003-10-19;61;51;10
2003-10-20;70;54;16
2003-10-21;88;57;31
2003-10-22;87;56;31
2003-10-23;91;54;37
2003-10-24;112;69;43
2003-10-25;132;72;60
2003-10-26;133;67;66
2003-10-27;199;91;108
2003-10-28;247;106;141
2003-10-29;250;99;151
2003-10-30;250;82;168
2003-10-31;239;81;158
2003-11-01;153;64;89
2003-11-02;138;49;89
2003-11-03;89;38;51
2003-11-04;64;32;32
2003-11-05;15;0;15
2003-11-06;11;0;11
2003-11-07;15;0;15
2003-11-08;26;0;26
2003-11-09;48;0;48
2003-11-10;48;0;48
2003-11-11;37;0;37
2003-11-12;14;6;8
2003-11-13;26;26;0
2003-11-14;28;28;0
2003-11-15;41;41;0
2003-11-16;52;52;0
2003-11-17;42;42;0
2003-11-18;64;44;20
2003-11-19;86;45;41
2003-11-20;111;54;57
2003-11-21;119;55;64
2003-11-22;102;52;50
2003-11-23;134;61;73
2003-11-24;132;62;70
2003-11-25;151;69;82
2003-11-26;147;61;86
2003-11-27;163;65;98
2003-11-28;149;42;107
2003-11-29;139;36;103
2003-11-30;143;36;107
2003-12-01;143;16;127
2003-12-02;112;12;100
2003-12-03;112;14;98
2003-12-04;103;14;89
2003-12-05;92;12;80
2003-12-06;70;12;58
2003-12-07;50;14;36
2003-12-08;40;11;29
2003-12-09;25;0;25
2003-12-10;39;12;27
2003-12-11;39;12;27
2003-12-12;39;23;16
2003-12-13;44;30;14
2003-12-14;48;34;14
2003-12-15;47;31;16
2003-12-16;61;34;27
2003-12-17;106;47;59
2003-12-18;110;59;51
2003-12-19;110;73;37
2003-12-20;115;84;31
2003-12-21;93;71;22
2003-12-22;115;90;25
2003-12-23;118;90;28
2003-12-24;92;65;27
2003-12-25;68;53;15
2003-12-26;62;43;19
2003-12-27;48;31;17
2003-12-28;53;28;25
2003-12-29;40;28;12
2003-12-30;26;26;0
2003-12-31;19;10;9
2004-01-01;52;0;52
2004-01-02;65;0;65
2004-01-03;73;0;73
2004-01-04;75;0;75
2004-01-05;71;0;71
2004-01-06;63;0;63
2004-01-07;81;24;57
2004-01-08;86;37;49
2004-01-09;62;24;38
2004-01-10;58;26;32
2004-01-11;52;24;28
2004-01-12;47;21;26
2004-01-13;57;21;36
2004-01-14;55;19;36
2004-01-15;70;33;37
2004-01-16;81;34;47
2004-01-17;80;33;47
2004-01-18;70;16;54
2004-01-19;88;36;52
2004-01-20;99;49;50
2004-01-21;99;52;47
2004-01-22;80;46;34
2004-01-23;68;39;29
2004-01-24;55;31;24
2004-01-25;26;13;13
2004-01-26;21;11;10
2004-01-27;0;0;0
2004-01-28;13;7;6
2004-01-29;26;0;26
2004-01-30;44;0;44
2004-01-31;62;26;36
2004-02-01;70;26;44
2004-02-02;104;29;75
2004-02-03;103;29;74
2004-02-04;98;29;69
2004-02-05;101;29;72
2004-02-06;83;33;50
2004-02-07;65;29;36
2004-02-08;73;23;50
2004-02-09;78;20;58
2004-02-10;78;23;55
2004-02-11;72;16;56
2004-02-12;78;20;58
2004-02-13;78;18;60
2004-02-14;62;31;31
2004-02-15;82;36;46
2004-02-16;67;29;38
2004-02-17;29;16;13
2004-02-18;36;23;13
2004-02-19;29;13;16
2004-02-20;42;13;29
2004-02-21;49;26;23
2004-02-22;49;25;24
2004-02-23;90;47;43
2004-02-24;77;43;34
2004-02-25;86;45;41
2004-02-26;86;44;42
2004-02-27;109;37;72
2004-02-28;108;38;70
2004-02-29;82;28;54
2004-03-01;67;20;47
2004-03-02;47;0;47
2004-03-03;40;0;40
2004-03-04;35;0;35
2004-03-05;53;0;53
2004-03-06;59;0;59
2004-03-07;61;0;61
2004-03-08;53;0;53
2004-03-09;58;0;58
2004-03-10;58;0;58
2004-03-11;58;0;58
2004-03-12;73;15;58
2004-03-13;61;18;43
2004-03-14;58;20;38
2004-03-15;49;15;34
2004-03-16;56;12;44
2004-03-17;73;12;61
2004-03-18;82;0;82
2004-03-19;88;18;70
2004-03-20;76;21;55
2004-03-21;73;24;49
2004-03-22;87;31;56
2004-03-23;93;35;58
2004-03-24;87;37;50
2004-03-25;127;66;61
2004-03-26;128;59;69
2004-03-27;134;59;75
2004-03-28;116;47;69
2004-03-29;101;41;60
2004-03-30;82;35;47
2004-03-31;85;32;53
2004-04-01;83;30;53
2004-04-02;77;21;56
2004-04-03;71;15;56
2004-04-04;83;24;59
2004-04-05;86;26;60
2004-04-06;60;12;48
2004-04-07;59;0;59
2004-04-08;41;0;41
2004-04-09;23;0;23
2004-04-10;20;0;20
2004-04-11;20;0;20
2004-04-12;38;0;38
2004-04-13;53;0;53
2004-04-14;63;12;51
2004-04-15;51;14;37
2004-04-16;47;15;32
2004-04-17;75;14;61
2004-04-18;87;14;73
2004-04-19;95;14;81
2004-04-20;89;11;78
2004-04-21;89;0;89
2004-04-22;86;0;86
2004-04-23;65;0;65
2004-04-24;57;17;40
2004-04-25;47;27;20
2004-04-26;51;36;15
2004-04-27;39;23;16
2004-04-28;35;21;14
2004-04-29;36;15;21
2004-04-30;51;14;37
2004-05-01;77;14;63
2004-05-02;49;0;49
2004-05-03;56;0;56
2004-05-04;58;0;58
2004-05-05;51;0;51
2004-05-06;35;0;35
2004-05-07;28;0;28
2004-05-08;30;0;30
2004-05-09;42;0;42
2004-05-10;51;0;51
2004-05-11;44;0;44
2004-05-12;70;0;70
2004-05-13;65;0;65
2004-05-14;95;21;74
2004-05-15;102;28;74
2004-05-16;128;51;77
2004-05-17;121;42;79
2004-05-18;105;33;72
2004-05-19;102;33;69
2004-05-20;104;30;74
2004-05-21;91;16;75
2004-05-22;83;25;58
2004-05-23;104;16;88
2004-05-24;109;14;95
2004-05-25;97;14;83
2004-05-26;76;14;62
2004-05-27;56;14;42
2004-05-28;53;12;41
2004-05-29;54;0;54
2004-05-30;61;0;61
2004-05-31;60;0;60
2004-06-01;54;0;54
2004-06-02;55;0;55
2004-06-03;57;0;57
2004-06-04;55;0;55
2004-06-05;55;12;43
2004-06-06;45;17;28
2004-06-07;57;0;57
2004-06-08;51;0;51
2004-06-09;52;0;52
2004-06-10;48;0;48
2004-06-11;37;0;37
2004-06-12;28;0;28
2004-06-13;43;14;29
2004-06-14;54;22;32
2004-06-15;68;25;43
2004-06-16;98;28;70
2004-06-17;95;32;63
2004-06-18;103;32;71
2004-06-19;106;28;78
2004-06-20;132;26;106
2004-06-21;134;23;111
2004-06-22;117;17;100
2004-06-23;94;15;79
2004-06-24;80;26;54
2004-06-25;57;25;32
2004-06-26;52;21;31
2004-06-27;48;25;23
2004-06-28;46;32;14
2004-06-29;40;23;17
2004-06-30;34;19;15
2004-07-01;28;15;13
2004-07-02;33;18;15
2004-07-03;33;17;16
2004-07-04;31;18;13
2004-07-05;26;26;0
2004-07-06;28;15;13
2004-07-07;15;0;15
2004-07-08;18;0;18
2004-07-09;44;0;44
2004-07-10;62;24;38
2004-07-11;77;36;41
2004-07-12;89;45;44
2004-07-13;144;67;77
2004-07-14;148;61;87
2004-07-15;135;48;87
2004-07-16;107;16;91
2004-07-17;130;44;86
2004-07-18;153;56;97
2004-07-19;164;72;92
2004-07-20;149;77;72
2004-07-21;144;85;59
2004-07-22;138;89;49
2004-07-23;121;85;36
2004-07-24;113;82;31
2004-07-25;94;79;15
2004-07-26;105;84;21
2004-07-27;90;74;16
2004-07-28;64;51;13
2004-07-29;39;39;0
2004-07-30;39;26;13
2004-07-31;38;23;15
2004-08-01;39;19;20
2004-08-02;48;21;27
2004-08-03;51;17;34
2004-08-04;56;14;42
2004-08-05;36;0;36
2004-08-06;56;0;56
2004-08-07;75;14;61
2004-08-08;67;14;53
2004-08-09;85;26;59
2004-08-10;99;27;72
2004-08-11;107;27;80
2004-08-12;116;27;89
2004-08-13;130;41;89
2004-08-14;116;29;87
2004-08-15;104;29;75
2004-08-16;92;22;70
2004-08-17;75;24;51
2004-08-18;70;48;22
2004-08-19;61;61;0
2004-08-20;85;70;15
2004-08-21;97;70;27
2004-08-22;113;79;34
2004-08-23;96;70;26
2004-08-24;65;36;29
2004-08-25;53;36;17
2004-08-26;41;19;22
2004-08-27;36;22;14
2004-08-28;34;20;14
2004-08-29;27;15;12
2004-08-30;17;17;0
2004-08-31;15;15;0
2004-09-01;14;0;14
2004-09-02;14;0;14
2004-09-03;32;0;32
2004-09-04;35;0;35
2004-09-05;65;0;65
2004-09-06;56;0;56
2004-09-07;67;0;67
2004-09-08;83;0;83
2004-09-09;90;12;78
2004-09-10;77;18;59
2004-09-11;74;23;51
2004-09-12;76;34;42
2004-09-13;69;41;28
2004-09-14;56;56;0
2004-09-15;69;53;16
2004-09-16;67;46;21
2004-09-17;63;37;26
2004-09-18;58;23;35
2004-09-19;60;28;32
2004-09-20;47;16;31
2004-09-21;42;12;30
2004-09-22;30;0;30
2004-09-23;18;0;18
2004-09-24;18;0;18
2004-09-25;18;0;18
2004-09-26;26;0;26
2004-09-27;26;0;26
2004-09-28;14;0;14
2004-09-29;44;0;44
2004-09-30;55;25;30
2004-10-01;28;0;28
2004-10-02;25;0;25
2004-10-03;43;14;29
2004-10-04;42;12;30
2004-10-05;32;0;32
2004-10-06;26;0;26
2004-10-07;34;0;34
2004-10-08;36;14;22
2004-10-09;15;15;0
2004-10-10;0;0;0
2004-10-11;0;0;0
2004-10-12;19;19;0
2004-10-13;31;16;15
2004-10-14;31;12;19
2004-10-15;25;0;25
2004-10-16;28;0;28
2004-10-17;68;0;68
2004-10-18;83;0;83
2004-10-19;93;11;82
2004-10-20;102;15;87
2004-10-21;117;28;89
2004-10-22;124;43;81
2004-10-23;144;63;81
2004-10-24;153;83;70
2004-10-25;139;91;48
2004-10-26;141;99;42
2004-10-27;145;86;59
2004-10-28;148;93;55
2004-10-29;138;85;53
2004-10-30;148;79;69
2004-10-31;141;67;74
2004-11-01;122;45;77
2004-11-02;119;47;72
2004-11-03;108;42;66
2004-11-04;93;38;55
2004-11-05;89;37;52
2004-11-06;100;52;48
2004-11-07;101;48;53
2004-11-08;92;48;44
2004-11-09;84;48;36
2004-11-10;52;36;16
2004-11-11;61;39;22
2004-11-12;61;31;30
2004-11-13;68;31;37
2004-11-14;77;39;38
2004-11-15;71;31;40
2004-11-16;66;23;43
2004-11-17;66;18;48
2004-11-18;61;21;40
2004-11-19;56;22;34
2004-11-20;53;22;31
2004-11-21;42;26;16
2004-11-22;47;24;23
2004-11-23;45;29;16
2004-11-24;55;16;39
2004-11-25;55;16;39
2004-11-26;55;15;40
2004-11-27;60;23;37
2004-11-28;47;13;34
2004-11-29;45;11;34
2004-11-30;52;11;41
2004-12-01;52;13;39
2004-12-02;47;13;34
2004-12-03;48;14;34
2004-12-04;42;15;27
2004-12-05;47;23;24
2004-12-06;39;18;21
2004-12-07;15;15;0
2004-12-08;24;13;11
2004-12-09;21;0;21
2004-12-10;24;24;0
2004-12-11;21;21;0
2004-12-12;36;36;0
2004-12-13;26;26;0
2004-12-14;23;23;0
2004-12-15;13;13;0
2004-12-16;16;0;16
2004-12-17;39;0;39
2004-12-18;34;0;34
2004-12-19;19;0;19
2004-12-20;18;0;18
2004-12-21;24;0;24
2004-12-22;42;0;42
2004-12-23;29;0;29
2004-12-24;36;0;36
2004-12-25;19;0;19
2004-12-26;16;0;16
2004-12-27;16;0;16
2004-12-28;27;13;14
2004-12-29;19;19;0
2004-12-30;29;29;0
2004-12-31;36;25;11
2005-01-01;49;37;12
2005-01-02;49;49;0
2005-01-03;37;25;12
2005-01-04;22;22;0
2005-01-05;17;17;0
2005-01-06;18;18;0
2005-01-07;17;17;0
2005-01-08;15;0;15
2005-01-09;22;0;22
2005-01-10;29;0;29
2005-01-11;42;19;23
2005-01-12;61;34;27
2005-01-13;63;35;28
2005-01-14;83;40;43
2005-01-15;91;45;46
2005-01-16;100;54;46
2005-01-17;98;58;40
2005-01-18;94;59;35
2005-01-19;69;51;18
2005-01-20;65;46;19
2005-01-21;69;38;31
2005-01-22;48;14;34
2005-01-23;40;12;28
2005-01-24;43;14;29
2005-01-25;49;12;37
2005-01-26;35;12;23
2005-01-27;31;12;19
2005-01-28;31;12;19
2005-01-29;29;12;17
2005-01-30;34;0;34
2005-01-31;40;0;40
2005-02-01;28;0;28
2005-02-02;25;0;25
2005-02-03;16;0;16
2005-02-04;22;0;22
2005-02-05;24;0;24
2005-02-06;57;23;34
2005-02-07;57;26;31
2005-02-08;52;25;27
2005-02-09;58;22;36
2005-02-10;72;21;51
2005-02-11;78;23;55
2005-02-12;84;27;57
2005-02-13;72;18;54
2005-02-14;72;12;60
2005-02-15;78;0;78
2005-02-16;67;0;67
2005-02-17;64;0;64
2005-02-18;55;0;55
2005-02-19;46;0;46
2005-02-20;40;0;40
2005-02-21;30;17;13
2005-02-22;30;17;13
2005-02-23;24;0;24
2005-02-24;16;0;16
2005-02-25;12;0;12
2005-02-26;18;0;18
2005-02-27;12;6;6
2005-02-28;10;6;4
2005-03-01;0;0;0
2005-03-02;13;0;13
2005-03-03;15;0;15
2005-03-04;13;13;0
2005-03-05;15;15;0
2005-03-06;16;16;0
2005-03-07;29;16;13
2005-03-08;53;18;35
2005-03-09;61;22;39
2005-03-10;66;19;47
2005-03-11;70;28;42
2005-03-12;68;16;52
2005-03-13;68;16;52
2005-03-14;65;15;50
2005-03-15;60;13;47
2005-03-16;45;0;45
2005-03-17;40;0;40
2005-03-18;40;0;40
2005-03-19;42;0;42
2005-03-20;40;0;40
2005-03-21;48;13;35
2005-03-22;45;21;24
2005-03-23;52;28;24
2005-03-24;66;31;35
2005-03-25;55;24;31
2005-03-26;42;19;23
2005-03-27;36;16;20
2005-03-28;16;16;0
2005-03-29;15;15;0
2005-03-30;11;6;5
2005-03-31;24;24;0
2005-04-01;26;26;0
2005-04-02;32;13;19
2005-04-03;45;13;32
2005-04-04;53;13;40
2005-04-05;56;13;43
2005-04-06;46;0;46
2005-04-07;45;0;45
2005-04-08;43;0;43
2005-04-09;43;0;43
2005-04-10;43;0;43
2005-04-11;21;0;21
2005-04-12;34;16;18
2005-04-13;46;30;16
2005-04-14;56;32;24
2005-04-15;57;30;27
2005-04-16;45;19;26
2005-04-17;42;18;24
2005-04-18;42;18;24
2005-04-19;42;16;26
2005-04-20;38;14;24
2005-04-21;26;15;11
2005-04-22;26;13;13
2005-04-23;22;11;11
2005-04-24;14;8;6
2005-04-25;16;0;16
2005-04-26;18;0;18
2005-04-27;27;0;27
2005-04-28;48;0;48
2005-04-29;56;0;56
2005-04-30;54;0;54
2005-05-01;61;0;61
2005-05-02;61;0;61
2005-05-03;68;0;68
2005-05-04;62;0;62
2005-05-05;58;0;58
2005-05-06;65;0;65
2005-05-07;54;0;54
2005-05-08;67;16;51
2005-05-09;91;29;62
2005-05-10;111;33;78
2005-05-11;119;23;96
2005-05-12;116;23;93
2005-05-13;90;26;64
2005-05-14;74;26;48
2005-05-15;56;17;39
2005-05-16;62;17;45
2005-05-17;48;16;32
2005-05-18;38;13;25
2005-05-19;33;33;0
2005-05-20;22;22;0
2005-05-21;19;19;0
2005-05-22;35;23;12
2005-05-23;36;19;17
2005-05-24;36;16;20
2005-05-25;43;17;26
2005-05-26;64;19;45
2005-05-27;64;15;49
2005-05-28;54;9;45
2005-05-29;62;14;48
2005-05-30;67;20;47
2005-05-31;84;32;52
2005-06-01;76;23;53
2005-06-02;58;0;58
2005-06-03;48;0;48
2005-06-04;71;25;46
2005-06-05;89;26;63
2005-06-06;92;32;60
2005-06-07;105;27;78
2005-06-08;98;30;68
2005-06-09;97;33;64
2005-06-10;101;35;66
2005-06-11;79;30;49
2005-06-12;75;26;49
2005-06-13;45;19;26
2005-06-14;48;16;32
2005-06-15;58;23;35
2005-06-16;62;20;42
2005-06-17;69;0;69
2005-06-18;46;0;46
2005-06-19;42;0;42
2005-06-20;45;0;45
2005-06-21;49;0;49
2005-06-22;39;0;39
2005-06-23;16;0;16
2005-06-24;16;9;7
2005-06-25;17;9;8
2005-06-26;0;0;0
2005-06-27;12;6;6
2005-06-28;13;13;0
2005-06-29;40;26;14
2005-06-30;97;30;67
2005-07-01;122;41;81
2005-07-02;148;47;101
2005-07-03;157;54;103
2005-07-04;167;64;103
2005-07-05;160;76;84
2005-07-06;131;76;55
2005-07-07;117;69;48
2005-07-08;100;58;42
2005-07-09;89;56;33
2005-07-10;65;53;12
2005-07-11;64;52;12
2005-07-12;59;42;17
2005-07-13;64;37;27
2005-07-14;47;22;25
2005-07-15;33;13;20
2005-07-16;17;0;17
2005-07-17;12;6;6
2005-07-18;0;0;0
2005-07-19;14;8;6
2005-07-20;0;0;0
2005-07-21;0;0;0
2005-07-22;12;6;6
2005-07-23;25;25;0
2005-07-24;17;17;0
2005-07-25;19;19;0
2005-07-26;23;23;0
2005-07-27;17;17;0
2005-07-28;28;28;0
2005-07-29;53;53;0
2005-07-30;67;67;0
2005-07-31;107;82;25
2005-08-01;105;90;15
2005-08-02;115;95;20
2005-08-03;80;58;22
2005-08-04;66;40;26
2005-08-05;66;36;30
2005-08-06;55;33;22
2005-08-07;65;33;32
2005-08-08;61;30;31
2005-08-09;57;29;28
2005-08-10;27;14;13
2005-08-11;37;13;24
2005-08-12;45;15;30
2005-08-13;37;0;37
2005-08-14;43;0;43
2005-08-15;45;0;45
2005-08-16;40;0;40
2005-08-17;33;0;33
2005-08-18;32;0;32
2005-08-19;73;25;48
2005-08-20;80;30;50
2005-08-21;65;30;35
2005-08-22;63;32;31
2005-08-23;60;40;20
2005-08-24;70;43;27
2005-08-25;68;68;0
2005-08-26;61;61;0
2005-08-27;70;70;0
2005-08-28;76;63;13
2005-08-29;71;45;26
2005-08-30;61;31;30
2005-08-31;48;0;48
2005-09-01;29;0;29
2005-09-02;24;0;24
2005-09-03;15;0;15
2005-09-04;15;0;15
2005-09-05;14;0;14
2005-09-06;14;0;14
2005-09-07;24;12;12
2005-09-08;34;14;20
2005-09-09;48;12;36
2005-09-10;59;13;46
2005-09-11;58;12;46
2005-09-12;63;0;63
2005-09-13;85;12;73
2005-09-14;70;0;70
2005-09-15;66;0;66
2005-09-16;56;0;56
2005-09-17;59;13;46
2005-09-18;56;20;36
2005-09-19;44;22;22
2005-09-20;24;24;0
2005-09-21;22;22;0
2005-09-22;24;24;0
2005-09-23;32;32;0
2005-09-24;29;15;14
2005-09-25;27;14;13
2005-09-26;37;25;12
2005-09-27;27;14;13
2005-09-28;25;13;12
2005-09-29;24;12;12
2005-09-30;12;0;12
2005-10-01;14;14;0
2005-10-02;12;0;12
2005-10-03;15;0;15
2005-10-04;21;0;21
2005-10-05;26;0;26
2005-10-06;23;0;23
2005-10-07;21;0;21
2005-10-08;18;0;18
2005-10-09;15;0;15
2005-10-10;24;0;24
2005-10-11;21;0;21
2005-10-12;21;0;21
2005-10-13;0;0;0
2005-10-14;12;12;0
2005-10-15;12;12;0
2005-10-16;12;12;0
2005-10-17;12;12;0
2005-10-18;12;12;0
2005-10-19;24;14;10
2005-10-20;14;14;0
2005-10-21;12;12;0
2005-10-22;11;6;5
2005-10-23;12;12;0
2005-10-24;0;0;0
2005-10-25;0;0;0
2005-10-26;0;0;0
2005-10-27;0;0;0
2005-10-28;0;0;0
2005-10-29;12;6;6
2005-10-30;14;0;14
2005-10-31;18;0;18
2005-11-01;28;0;28
2005-11-02;29;0;29
2005-11-03;17;0;17
2005-11-04;18;0;18
2005-11-05;18;0;18
2005-11-06;21;0;21
2005-11-07;38;0;38
2005-11-08;12;0;12
2005-11-09;12;0;12
2005-11-10;0;0;0
2005-11-11;0;0;0
2005-11-12;15;8;7
2005-11-13;18;0;18
2005-11-14;29;0;29
2005-11-15;31;0;31
2005-11-16;35;0;35
2005-11-17;37;0;37
2005-11-18;40;0;40
2005-11-19;40;0;40
2005-11-20;51;0;51
2005-11-21;41;0;41
2005-11-22;41;0;41
2005-11-23;37;0;37
2005-11-24;41;0;41
2005-11-25;31;0;31
2005-11-26;23;0;23
2005-11-27;25;0;25
2005-11-28;26;0;26
2005-11-29;25;0;25
2005-11-30;46;0;46
2005-12-01;71;14;57
2005-12-02;78;14;64
2005-12-03;87;30;57
2005-12-04;79;24;55
2005-12-05;79;11;68
2005-12-06;65;14;51
2005-12-07;33;10;23
2005-12-08;36;12;24
2005-12-09;33;11;22
2005-12-10;56;27;29
2005-12-11;55;30;25
2005-12-12;48;33;15
2005-12-13;55;30;25
2005-12-14;55;22;33
2005-12-15;52;17;35
2005-12-16;45;15;30
2005-12-17;40;13;27
2005-12-18;40;13;27
2005-12-19;62;16;46
2005-12-20;56;20;36
2005-12-21;61;23;38
2005-12-22;59;33;26
2005-12-23;52;36;16
2005-12-24;76;44;32
2005-12-25;62;35;27
2005-12-26;75;52;23
2005-12-27;74;46;28
2005-12-28;63;40;23
2005-12-29;65;40;25
2005-12-30;66;39;27
2005-12-31;59;35;24
2006-01-01;34;24;10
2006-01-02;33;23;10
2006-01-03;26;26;0
2006-01-04;23;23;0
2006-01-05;20;20;0
2006-01-06;20;20;0
2006-01-07;11;11;0
2006-01-08;10;10;0
2006-01-09;11;11;0
2006-01-10;11;11;0
2006-01-11;11;11;0
2006-01-12;11;11;0
2006-01-13;0;0;0
2006-01-14;11;6;5
2006-01-15;27;14;13
2006-01-16;33;17;16
2006-01-17;30;15;15
2006-01-18;35;12;23
2006-01-19;33;0;33
2006-01-20;22;0;22
2006-01-21;26;0;26
2006-01-22;42;0;42
2006-01-23;50;12;38
2006-01-24;41;0;41
2006-01-25;26;0;26
2006-01-26;19;0;19
2006-01-27;12;0;12
2006-01-28;10;6;4
2006-01-29;10;0;10
2006-01-30;0;0;0
2006-01-31;0;0;0
2006-02-01;0;0;0
2006-02-02;0;0;0
2006-02-03;0;0;0
2006-02-04;0;0;0
2006-02-05;0;0;0
2006-02-06;0;0;0
2006-02-07;8;5;3
2006-02-08;8;0;8
2006-02-09;17;0;17
2006-02-10;12;6;6
2006-02-11;9;5;4
2006-02-12;0;0;0
2006-02-13;11;0;11
2006-02-14;13;7;6
2006-02-15;18;0;18
2006-02-16;18;0;18
2006-02-17;8;0;8
2006-02-18;8;5;3
2006-02-19;14;7;7
2006-02-20;0;0;0
2006-02-21;0;0;0
2006-02-22;0;0;0
2006-02-23;0;0;0
2006-02-24;0;0;0
2006-02-25;0;0;0
2006-02-26;0;0;0
2006-02-27;8;0;8
2006-02-28;8;0;8
2006-03-01;0;0;0
2006-03-02;0;0;0
2006-03-03;0;0;0
2006-03-04;15;8;7
2006-03-05;26;13;13
2006-03-06;23;12;11
2006-03-07;0;0;0
2006-03-08;0;0;0
2006-03-09;0;0;0
2006-03-10;0;0;0
2006-03-11;0;0;0
2006-03-12;15;15;0
2006-03-13;16;16;0
2006-03-14;23;0;23
2006-03-15;23;0;23
2006-03-16;21;0;21
2006-03-17;31;0;31
2006-03-18;26;0;26
2006-03-19;26;0;26
2006-03-20;31;0;31
2006-03-21;31;0;31
2006-03-22;31;0;31
2006-03-23;29;0;29
2006-03-24;34;11;23
2006-03-25;18;10;8
2006-03-26;0;0;0
2006-03-27;0;0;0
2006-03-28;15;0;15
2006-03-29;31;0;31
2006-03-30;32;0;32
2006-03-31;39;0;39
2006-04-01;58;0;58
2006-04-02;65;0;65
2006-04-03;73;0;73
2006-04-04;82;0;82
2006-04-05;83;0;83
2006-04-06;90;0;90
2006-04-07;77;0;77
2006-04-08;68;0;68
2006-04-09;55;0;55
2006-04-10;60;0;60
2006-04-11;63;0;63
2006-04-12;68;0;68
2006-04-13;67;0;67
2006-04-14;60;0;60
2006-04-15;38;0;38
2006-04-16;25;0;25
2006-04-17;13;0;13
2006-04-18;12;0;12
2006-04-19;23;0;23
2006-04-20;17;0;17
2006-04-21;15;0;15
2006-04-22;18;10;8
2006-04-23;13;0;13
2006-04-24;18;0;18
2006-04-25;47;0;47
2006-04-26;58;0;58
2006-04-27;65;0;65
2006-04-28;62;0;62
2006-04-29;53;0;53
2006-04-30;62;0;62
2006-05-01;55;13;42
2006-05-02;58;28;30
2006-05-03;57;30;27
2006-05-04;60;28;32
2006-05-05;53;28;25
2006-05-06;45;13;32
2006-05-07;53;0;53
2006-05-08;52;0;52
2006-05-09;47;0;47
2006-05-10;32;0;32
2006-05-11;27;0;27
2006-05-12;12;0;12
2006-05-13;12;0;12
2006-05-14;0;0;0
2006-05-15;0;0;0
2006-05-16;0;0;0
2006-05-17;0;0;0
2006-05-18;13;7;6
2006-05-19;13;0;13
2006-05-20;32;0;32
2006-05-21;33;0;33
2006-05-22;47;12;35
2006-05-23;50;15;35
2006-05-24;43;17;26
2006-05-25;42;20;22
2006-05-26;47;18;29
2006-05-27;53;28;25
2006-05-28;62;13;49
2006-05-29;58;12;46
2006-05-30;53;12;41
2006-05-31;45;12;33
2006-06-01;14;7;7
2006-06-02;0;0;0
2006-06-03;0;0;0
2006-06-04;19;0;19
2006-06-05;26;0;26
2006-06-06;32;0;32
2006-06-07;58;0;58
2006-06-08;58;0;58
2006-06-09;47;0;47
2006-06-10;49;0;49
2006-06-11;37;0;37
2006-06-12;30;0;30
2006-06-13;28;0;28
2006-06-14;14;0;14
2006-06-15;14;0;14
2006-06-16;21;0;21
2006-06-17;23;0;23
2006-06-18;18;0;18
2006-06-19;21;0;21
2006-06-20;21;0;21
2006-06-21;18;0;18
2006-06-22;0;0;0
2006-06-23;0;0;0
2006-06-24;0;0;0
2006-06-25;14;14;0
2006-06-26;18;18;0
2006-06-27;23;23;0
2006-06-28;42;28;14
2006-06-29;46;28;18
2006-06-30;44;23;21
2006-07-01;38;18;20
2006-07-02;31;13;18
2006-07-03;35;15;20
2006-07-04;36;13;23
2006-07-05;35;0;35
2006-07-06;36;0;36
2006-07-07;36;0;36
2006-07-08;35;0;35
2006-07-09;31;0;31
2006-07-10;15;0;15
2006-07-11;15;0;15
2006-07-12;13;0;13
2006-07-13;0;0;0
2006-07-14;15;0;15
2006-07-15;16;0;16
2006-07-16;20;0;20
2006-07-17;22;0;22
2006-07-18;22;0;22
2006-07-19;24;0;24
2006-07-20;15;0;15
2006-07-21;0;0;0
2006-07-22;15;15;0
2006-07-23;18;18;0
2006-07-24;20;20;0
2006-07-25;18;18;0
2006-07-26;18;18;0
2006-07-27;18;18;0
2006-07-28;16;16;0
2006-07-29;16;16;0
2006-07-30;31;16;15
2006-07-31;27;14;13
2006-08-01;11;0;11
2006-08-02;11;0;11
2006-08-03;15;0;15
2006-08-04;0;0;0
2006-08-05;0;0;0
2006-08-06;0;0;0
2006-08-07;0;0;0
2006-08-08;11;0;11
2006-08-09;26;0;26
2006-08-10;27;0;27
2006-08-11;26;0;26
2006-08-12;24;0;24
2006-08-13;26;0;26
2006-08-14;31;0;31
2006-08-15;31;0;31
2006-08-16;31;0;31
2006-08-17;27;0;27
2006-08-18;31;0;31
2006-08-19;24;0;24
2006-08-20;16;0;16
2006-08-21;26;0;26
2006-08-22;15;0;15
2006-08-23;19;0;19
2006-08-24;19;0;19
2006-08-25;24;0;24
2006-08-26;23;0;23
2006-08-27;34;0;34
2006-08-28;35;0;35
2006-08-29;27;0;27
2006-08-30;19;0;19
2006-08-31;35;0;35
2006-09-01;35;0;35
2006-09-02;16;0;16
2006-09-03;0;0;0
2006-09-04;0;0;0
2006-09-05;26;0;26
2006-09-06;39;0;39
2006-09-07;48;0;48
2006-09-08;48;0;48
2006-09-09;49;0;49
2006-09-10;49;0;49
2006-09-11;44;0;44
2006-09-12;31;0;31
2006-09-13;30;0;30
2006-09-14;15;0;15
2006-09-15;15;0;15
2006-09-16;13;0;13
2006-09-17;25;0;25
2006-09-18;12;0;12
2006-09-19;13;0;13
2006-09-20;13;0;13
2006-09-21;13;0;13
2006-09-22;18;0;18
2006-09-23;13;0;13
2006-09-24;15;0;15
2006-09-25;13;0;13
2006-09-26;16;8;8
2006-09-27;12;7;5
2006-09-28;13;0;13
2006-09-29;36;0;36
2006-09-30;41;0;41
2006-10-01;35;0;35
2006-10-02;33;0;33
2006-10-03;23;0;23
2006-10-04;23;0;23
2006-10-05;24;0;24
2006-10-06;23;0;23
2006-10-07;23;0;23
2006-10-08;21;0;21
2006-10-09;21;0;21
2006-10-10;14;0;14
2006-10-11;0;0;0
2006-10-12;0;0;0
2006-10-13;0;0;0
2006-10-14;0;0;0
2006-10-15;0;0;0
2006-10-16;0;0;0
2006-10-17;0;0;0
2006-10-18;0;0;0
2006-10-19;14;0;14
2006-10-20;14;0;14
2006-10-21;16;0;16
2006-10-22;23;0;23
2006-10-23;38;0;38
2006-10-24;30;0;30
2006-10-25;14;0;14
2006-10-26;0;0;0
2006-10-27;13;0;13
2006-10-28;13;0;13
2006-10-29;0;0;0
2006-10-30;13;0;13
2006-10-31;33;0;33
2006-11-01;53;0;53
2006-11-02;70;0;70
2006-11-03;73;0;73
2006-11-04;65;0;65
2006-11-05;53;0;53
2006-11-06;40;0;40
2006-11-07;32;0;32
2006-11-08;43;0;43
2006-11-09;30;0;30
2006-11-10;15;0;15
2006-11-11;18;0;18
2006-11-12;22;0;22
2006-11-13;35;0;35
2006-11-14;47;0;47
2006-11-15;45;0;45
2006-11-16;52;0;52
2006-11-17;47;0;47
2006-11-18;47;0;47
2006-11-19;45;0;45
2006-11-20;30;0;30
2006-11-21;0;0;0
2006-11-22;0;0;0
2006-11-23;12;0;12
2006-11-24;0;0;0
2006-11-25;13;0;13
2006-11-26;15;0;15
2006-11-27;33;15;18
2006-11-28;38;20;18
2006-11-29;40;22;18
2006-11-30;58;22;36
2006-12-01;56;20;36
2006-12-02;53;15;38
2006-12-03;46;13;33
2006-12-04;39;15;24
2006-12-05;46;13;33
2006-12-06;54;13;41
2006-12-07;51;13;38
2006-12-08;28;10;18
2006-12-09;21;0;21
2006-12-10;23;0;23
2006-12-11;28;0;28
2006-12-12;28;0;28
2006-12-13;26;0;26
2006-12-14;23;0;23
2006-12-15;21;0;21
2006-12-16;20;0;20
2006-12-17;15;0;15
2006-12-18;0;0;0
2006-12-19;0;0;0
2006-12-20;0;0;0
2006-12-21;0;0;0
2006-12-22;0;0;0
2006-12-23;0;0;0
2006-12-24;13;0;13
2006-12-25;16;0;16
2006-12-26;21;0;21
2006-12-27;20;0;20
2006-12-28;0;0;0
2006-12-29;0;0;0
2006-12-30;16;0;16
2006-12-31;28;13;15
2007-01-01;38;10;28
2007-01-02;42;12;30
2007-01-03;44;14;30
2007-01-04;44;14;30
2007-01-05;49;14;35
2007-01-06;47;21;26
2007-01-07;42;19;23
2007-01-08;52;10;42
2007-01-09;47;0;47
2007-01-10;42;0;42
2007-01-11;40;0;40
2007-01-12;28;0;28
2007-01-13;30;16;14
2007-01-14;19;19;0
2007-01-15;19;19;0
2007-01-16;19;19;0
2007-01-17;16;16;0
2007-01-18;17;17;0
2007-01-19;24;24;0
2007-01-20;19;9;10
2007-01-21;19;0;19
2007-01-22;21;0;21
2007-01-23;17;0;17
2007-01-24;19;0;19
2007-01-25;14;0;14
2007-01-26;12;0;12
2007-01-27;12;0;12
2007-01-28;14;0;14
2007-01-29;31;0;31
2007-01-30;35;0;35
2007-01-31;35;0;35
2007-02-01;38;0;38
2007-02-02;41;0;41
2007-02-03;36;0;36
2007-02-04;29;0;29
2007-02-05;27;0;27
2007-02-06;26;0;26
2007-02-07;26;0;26
2007-02-08;14;0;14
2007-02-09;12;0;12
2007-02-10;12;0;12
2007-02-11;0;0;0
2007-02-12;0;0;0
2007-02-13;0;0;0
2007-02-14;0;0;0
2007-02-15;0;0;0
2007-02-16;0;0;0
2007-02-17;14;0;14
2007-02-18;14;0;14
2007-02-19;34;0;34
2007-02-20;29;0;29
2007-02-21;17;0;17
2007-02-22;27;0;27
2007-02-23;26;0;26
2007-02-24;14;0;14
2007-02-25;14;0;14
2007-02-26;26;0;26
2007-02-27;26;0;26
2007-02-28;14;0;14
2007-03-01;11;0;11
2007-03-02;11;0;11
2007-03-03;11;0;11
2007-03-04;13;0;13
2007-03-05;27;0;27
2007-03-06;22;0;22
2007-03-07;0;0;0
2007-03-08;0;0;0
2007-03-09;0;0;0
2007-03-10;0;0;0
2007-03-11;14;14;0
2007-03-12;13;13;0
2007-03-13;0;0;0
2007-03-14;0;0;0
2007-03-15;0;0;0
2007-03-16;0;0;0
2007-03-17;0;0;0
2007-03-18;0;0;0
2007-03-19;0;0;0
2007-03-20;0;0;0
2007-03-21;0;0;0
2007-03-22;0;0;0
2007-03-23;13;0;13
2007-03-24;13;0;13
2007-03-25;0;0;0
2007-03-26;14;0;14
2007-03-27;13;0;13
2007-03-28;13;7;6
2007-03-29;13;13;0
2007-03-30;11;11;0
2007-03-31;11;11;0
2007-04-01;16;16;0
2007-04-02;0;0;0
2007-04-03;0;0;0
2007-04-04;0;0;0
2007-04-05;0;0;0
2007-04-06;0;0;0
2007-04-07;0;0;0
2007-04-08;0;0;0
2007-04-09;0;0;0
2007-04-10;0;0;0
2007-04-11;0;0;0
2007-04-12;0;0;0
2007-04-13;0;0;0
2007-04-14;0;0;0
2007-04-15;0;0;0
2007-04-16;0;0;0
2007-04-17;11;0;11
2007-04-18;0;0;0
2007-04-19;0;0;0
2007-04-20;0;0;0
2007-04-21;0;0;0
2007-04-22;0;0;0
2007-04-23;0;0;0
2007-04-24;0;0;0
2007-04-25;13;0;13
2007-04-26;16;0;16
2007-04-27;18;0;18
2007-04-28;23;0;23
2007-04-29;32;0;32
2007-04-30;34;0;34
2007-05-01;33;0;33
2007-05-02;33;0;33
2007-05-03;20;0;20
2007-05-04;18;0;18
2007-05-05;17;0;17
2007-05-06;15;0;15
2007-05-07;13;0;13
2007-05-08;15;0;15
2007-05-09;18;0;18
2007-05-10;20;0;20
2007-05-11;23;0;23
2007-05-12;22;0;22
2007-05-13;18;0;18
2007-05-14;30;13;17
2007-05-15;30;17;13
2007-05-16;32;32;0
2007-05-17;40;40;0
2007-05-18;42;42;0
2007-05-19;37;37;0
2007-05-20;23;23;0
2007-05-21;18;18;0
2007-05-22;15;15;0
2007-05-23;23;12;11
2007-05-24;15;8;7
2007-05-25;0;0;0
2007-05-26;0;0;0
2007-05-27;0;0;0
2007-05-28;0;0;0
2007-05-29;12;0;12
2007-05-30;12;0;12
2007-05-31;12;0;12
2007-06-01;34;0;34
2007-06-02;44;0;44
2007-06-03;55;0;55
2007-06-04;60;0;60
2007-06-05;62;0;62
2007-06-06;58;0;58
2007-06-07;66;0;66
2007-06-08;60;0;60
2007-06-09;21;0;21
2007-06-10;16;0;16
2007-06-11;16;0;16
2007-06-12;14;0;14
2007-06-13;14;0;14
2007-06-14;0;0;0
2007-06-15;0;0;0
2007-06-16;0;0;0
2007-06-17;0;0;0
2007-06-18;0;0;0
2007-06-19;0;0;0
2007-06-20;0;0;0
2007-06-21;0;0;0
2007-06-22;0;0;0
2007-06-23;0;0;0
2007-06-24;0;0;0
2007-06-25;12;0;12
2007-06-26;14;0;14
2007-06-27;14;0;14
2007-06-28;16;0;16
2007-06-29;32;0;32
2007-06-30;32;0;32
2007-07-01;30;0;30
2007-07-02;17;0;17
2007-07-03;14;0;14
2007-07-04;14;0;14
2007-07-05;14;0;14
2007-07-06;14;0;14
2007-07-07;12;0;12
2007-07-08;16;0;16
2007-07-09;22;0;22
2007-07-10;27;0;27
2007-07-11;27;0;27
2007-07-12;23;0;23
2007-07-13;41;0;41
2007-07-14;42;0;42
2007-07-15;39;0;39
2007-07-16;31;0;31
2007-07-17;17;0;17
2007-07-18;14;0;14
2007-07-19;12;0;12
2007-07-20;0;0;0
2007-07-21;0;0;0
2007-07-22;0;0;0
2007-07-23;0;0;0
2007-07-24;0;0;0
2007-07-25;0;0;0
2007-07-26;0;0;0
2007-07-27;0;0;0
2007-07-28;14;0;14
2007-07-29;14;0;14
2007-07-30;14;0;14
2007-07-31;0;0;0
2007-08-01;0;0;0
2007-08-02;0;0;0
2007-08-03;11;0;11
2007-08-04;11;0;11
2007-08-05;11;0;11
2007-08-06;13;0;13
2007-08-07;13;0;13
2007-08-08;15;0;15
2007-08-09;15;0;15
2007-08-10;15;0;15
2007-08-11;13;0;13
2007-08-12;13;7;6
2007-08-13;13;7;6
2007-08-14;0;0;0
2007-08-15;0;0;0
2007-08-16;0;0;0
2007-08-17;0;0;0
2007-08-18;0;0;0
2007-08-19;0;0;0
2007-08-20;0;0;0
2007-08-21;15;0;15
2007-08-22;13;0;13
2007-08-23;13;0;13
2007-08-24;13;0;13
2007-08-25;13;0;13
2007-08-26;13;0;13
2007-08-27;13;0;13
2007-08-28;13;0;13
2007-08-29;13;0;13
2007-08-30;13;0;13
2007-08-31;28;0;28
2007-09-01;24;0;24
2007-09-02;13;0;13
2007-09-03;13;0;13
2007-09-04;13;0;13
2007-09-05;13;0;13
2007-09-06;0;0;0
2007-09-07;0;0;0
2007-09-08;0;0;0
2007-09-09;0;0;0
2007-09-10;0;0;0
2007-09-11;0;0;0
2007-09-12;0;0;0
2007-09-13;0;0;0
2007-09-14;0;0;0
2007-09-15;0;0;0
2007-09-16;0;0;0
2007-09-17;0;0;0
2007-09-18;0;0;0
2007-09-19;0;0;0
2007-09-20;0;0;0
2007-09-21;0;0;0
2007-09-22;0;0;0
2007-09-23;0;0;0
2007-09-24;0;0;0
2007-09-25;0;0;0
2007-09-26;0;0;0
2007-09-27;0;0;0
2007-09-28;15;8;7
2007-09-29;15;8;7
2007-09-30;15;8;7
2007-10-01;0;0;0
2007-10-02;0;0;0
2007-10-03;0;0;0
2007-10-04;0;0;0
2007-10-05;0;0;0
2007-10-06;19;0;19
2007-10-07;16;0;16
2007-10-08;12;0;12
2007-10-09;0;0;0
2007-10-10;0;0;0
2007-10-11;0;0;0
2007-10-12;0;0;0
2007-10-13;0;0;0
2007-10-14;0;0;0
2007-10-15;0;0;0
2007-10-16;0;0;0
2007-10-17;0;0;0
2007-10-18;0;0;0
2007-10-19;0;0;0
2007-10-20;0;0;0
2007-10-21;0;0;0
2007-10-22;0;0;0
2007-10-23;0;0;0
2007-10-24;0;0;0
2007-10-25;0;0;0
2007-10-26;0;0;0
2007-10-27;0;0;0
2007-10-28;0;0;0
2007-10-29;0;0;0
2007-10-30;0;0;0
2007-10-31;0;0;0
2007-11-01;0;0;0
2007-11-02;0;0;0
2007-11-03;0;0;0
2007-11-04;0;0;0
2007-11-05;0;0;0
2007-11-06;13;0;13
2007-11-07;0;0;0
2007-11-08;0;0;0
2007-11-09;0;0;0
2007-11-10;0;0;0
2007-11-11;0;0;0
2007-11-12;0;0;0
2007-11-13;0;0;0
2007-11-14;0;0;0
2007-11-15;0;0;0
2007-11-16;16;16;0
2007-11-17;15;15;0
2007-11-18;0;0;0
2007-11-19;0;0;0
2007-11-20;0;0;0
2007-11-21;0;0;0
2007-11-22;0;0;0
2007-11-23;0;0;0
2007-11-24;16;16;0
2007-11-25;13;13;0
2007-11-26;12;12;0
2007-11-27;0;0;0
2007-11-28;0;0;0
2007-11-29;0;0;0
2007-11-30;0;0;0
2007-12-01;17;0;17
2007-12-02;15;0;15
2007-12-03;12;0;12
2007-12-04;15;0;15
2007-12-05;14;0;14
2007-12-06;27;0;27
2007-12-07;26;0;26
2007-12-08;43;0;43
2007-12-09;45;0;45
2007-12-10;41;0;41
2007-12-11;41;0;41
2007-12-12;48;0;48
2007-12-13;51;0;51
2007-12-14;41;0;41
2007-12-15;38;0;38
2007-12-16;31;0;31
2007-12-17;19;0;19
2007-12-18;12;0;12
2007-12-19;0;0;0
2007-12-20;0;0;0
2007-12-21;0;0;0
2007-12-22;0;0;0
2007-12-23;0;0;0
2007-12-24;0;0;0
2007-12-25;0;0;0
2007-12-26;0;0;0
2007-12-27;0;0;0
2007-12-28;0;0;0
2007-12-29;0;0;0
2007-12-30;0;0;0
2007-12-31;0;0;0
2008-01-01;9;0;9
2008-01-02;9;0;9
2008-01-03;9;0;9
2008-01-04;12;0;12
2008-01-05;10;10;0
2008-01-06;14;8;6
2008-01-07;14;0;14
2008-01-08;11;0;11
2008-01-09;0;0;0
2008-01-10;10;0;10
2008-01-11;10;0;10
2008-01-12;0;0;0
2008-01-13;0;0;0
2008-01-14;0;0;0
2008-01-15;0;0;0
2008-01-16;0;0;0
2008-01-17;0;0;0
2008-01-18;0;0;0
2008-01-19;0;0;0
2008-01-20;0;0;0
2008-01-21;0;0;0
2008-01-22;0;0;0
2008-01-23;0;0;0
2008-01-24;0;0;0
2008-01-25;0;0;0
2008-01-26;0;0;0
2008-01-27;0;0;0
2008-01-28;0;0;0
2008-01-29;0;0;0
2008-01-30;10;0;10
2008-01-31;10;0;10
2008-02-01;15;0;15
2008-02-02;12;0;12
2008-02-03;12;0;12
2008-02-04;11;0;11
2008-02-05;0;0;0
2008-02-06;0;0;0
2008-02-07;0;0;0
2008-02-08;0;0;0
2008-02-09;0;0;0
2008-02-10;0;0;0
2008-02-11;0;0;0
2008-02-12;0;0;0
2008-02-13;0;0;0
2008-02-14;0;0;0
2008-02-15;0;0;0
2008-02-16;0;0;0
2008-02-17;0;0;0
2008-02-18;0;0;0
2008-02-19;0;0;0
2008-02-20;0;0;0
2008-02-21;0;0;0
2008-02-22;0;0;0
2008-02-23;0;0;0
2008-02-24;0;0;0
2008-02-25;11;0;11
2008-02-26;11;0;11
2008-02-27;11;0;11
2008-02-28;0;0;0
2008-02-29;0;0;0
2008-03-01;0;0;0
2008-03-02;0;0;0
2008-03-03;12;0;12
2008-03-04;0;0;0
2008-03-05;0;0;0
2008-03-06;13;0;13
2008-03-07;0;0;0
2008-03-08;0;0;0
2008-03-09;0;0;0
2008-03-10;15;0;15
2008-03-11;0;0;0
2008-03-12;0;0;0
2008-03-13;0;0;0
2008-03-14;0;0;0
2008-03-15;12;0;12
2008-03-16;12;0;12
2008-03-17;12;0;12
2008-03-18;0;0;0
2008-03-19;0;0;0
2008-03-20;0;0;0
2008-03-21;0;0;0
2008-03-22;0;0;0
2008-03-23;0;0;0
2008-03-24;32;0;32
2008-03-25;54;0;54
2008-03-26;60;0;60
2008-03-27;59;0;59
2008-03-28;57;0;57
2008-03-29;50;0;50
2008-03-30;52;0;52
2008-03-31;42;0;42
2008-04-01;20;0;20
2008-04-02;11;0;11
2008-04-03;11;0;11
2008-04-04;9;0;9
2008-04-05;0;0;0
2008-04-06;0;0;0
2008-04-07;0;0;0
2008-04-08;0;0;0
2008-04-09;0;0;0
2008-04-10;0;0;0
2008-04-11;0;0;0
2008-04-12;0;0;0
2008-04-13;9;9;0
2008-04-14;9;9;0
2008-04-15;0;0;0
2008-04-16;0;0;0
2008-04-17;0;0;0
2008-04-18;0;0;0
2008-04-19;10;0;10
2008-04-20;0;0;0
2008-04-21;0;0;0
2008-04-22;10;10;0
2008-04-23;10;10;0
2008-04-24;9;9;0
2008-04-25;0;0;0
2008-04-26;0;0;0
2008-04-27;0;0;0
2008-04-28;0;0;0
2008-04-29;0;0;0
2008-04-30;0;0;0
2008-05-01;10;10;0
2008-05-02;0;0;0
2008-05-03;0;0;0
2008-05-04;10;0;10
2008-05-05;12;0;12
2008-05-06;0;0;0
2008-05-07;0;0;0
2008-05-08;0;0;0
2008-05-09;0;0;0
2008-05-10;0;0;0
2008-05-11;0;0;0
2008-05-12;0;0;0
2008-05-13;12;12;0
2008-05-14;0;0;0
2008-05-15;13;7;6
2008-05-16;20;10;10
2008-05-17;17;17;0
2008-05-18;22;0;22
2008-05-19;16;0;16
2008-05-20;10;0;10
2008-05-21;0;0;0
2008-05-22;0;0;0
2008-05-23;0;0;0
2008-05-24;0;0;0
2008-05-25;0;0;0
2008-05-26;0;0;0
2008-05-27;0;0;0
2008-05-28;0;0;0
2008-05-29;0;0;0
2008-05-30;0;0;0
2008-05-31;0;0;0
2008-06-01;0;0;0
2008-06-02;0;0;0
2008-06-03;0;0;0
2008-06-04;0;0;0
2008-06-05;14;0;14
2008-06-06;0;0;0
2008-06-07;0;0;0
2008-06-08;0;0;0
2008-06-09;0;0;0
2008-06-10;14;0;14
2008-06-11;12;0;12
2008-06-12;11;0;11
2008-06-13;12;0;12
2008-06-14;0;0;0
2008-06-15;11;0;11
2008-06-16;11;0;11
2008-06-17;11;0;11
2008-06-18;12;0;12
2008-06-19;11;0;11
2008-06-20;12;0;12
2008-06-21;12;0;12
2008-06-22;12;0;12
2008-06-23;0;0;0
2008-06-24;0;0;0
2008-06-25;0;0;0
2008-06-26;0;0;0
2008-06-27;0;0;0
2008-06-28;0;0;0
2008-06-29;0;0;0
2008-06-30;0;0;0
2008-07-01;0;0;0
2008-07-02;0;0;0
2008-07-03;0;0;0
2008-07-04;0;0;0
2008-07-05;0;0;0
2008-07-06;0;0;0
2008-07-07;0;0;0
2008-07-08;0;0;0
2008-07-09;0;0;0
2008-07-10;0;0;0
2008-07-11;0;0;0
2008-07-12;0;0;0
2008-07-13;0;0;0
2008-07-14;0;0;0
2008-07-15;0;0;0
2008-07-16;0;0;0
2008-07-17;0;0;0
2008-07-18;6;0;6
2008-07-19;7;0;7
2008-07-20;6;0;6
2008-07-21;0;0;0
2008-07-22;0;0;0
2008-07-23;0;0;0
2008-07-24;0;0;0
2008-07-25;0;0;0
2008-07-26;0;0;0
2008-07-27;0;0;0
2008-07-28;0;0;0
2008-07-29;0;0;0
2008-07-30;0;0;0
2008-07-31;0;0;0
2008-08-01;0;0;0
2008-08-02;0;0;0
2008-08-03;0;0;0
2008-08-04;0;0;0
2008-08-05;0;0;0
2008-08-06;0;0;0
2008-08-07;0;0;0
2008-08-08;0;0;0
2008-08-09;0;0;0
2008-08-10;0;0;0
2008-08-11;0;0;0
2008-08-12;0;0;0
2008-08-13;0;0;0
2008-08-14;0;0;0
2008-08-15;0;0;0
2008-08-16;0;0;0
2008-08-17;0;0;0
2008-08-18;0;0;0
2008-08-19;0;0;0
2008-08-20;0;0;0
2008-08-21;5;5;0
2008-08-22;5;5;0
2008-08-23;0;0;0
2008-08-24;0;0;0
2008-08-25;0;0;0
2008-08-26;0;0;0
2008-08-27;0;0;0
2008-08-28;0;0;0
2008-08-29;0;0;0
2008-08-30;0;0;0
2008-08-31;0;0;0
2008-09-01;0;0;0
2008-09-02;0;0;0
2008-09-03;0;0;0
2008-09-04;0;0;0
2008-09-05;0;0;0
2008-09-06;0;0;0
2008-09-07;0;0;0
2008-09-08;0;0;0
2008-09-09;0;0;0
2008-09-10;0;0;0
2008-09-11;7;7;0
2008-09-12;0;0;0
2008-09-13;0;0;0
2008-09-14;0;0;0
2008-09-15;0;0;0
2008-09-16;0;0;0
2008-09-17;0;0;0
2008-09-18;0;0;0
2008-09-19;0;0;0
2008-09-20;0;0;0
2008-09-21;0;0;0
2008-09-22;9;9;0
2008-09-23;10;10;0
2008-09-24;0;0;0
2008-09-25;0;0;0
2008-09-26;0;0;0
2008-09-27;0;0;0
2008-09-28;0;0;0
2008-09-29;9;0;9
2008-09-30;0;0;0
2008-10-01;0;0;0
2008-10-02;0;0;0
2008-10-03;0;0;0
2008-10-04;10;0;10
2008-10-05;0;0;0
2008-10-06;0;0;0
2008-10-07;0;0;0
2008-10-08;0;0;0
2008-10-09;0;0;0
2008-10-10;10;0;10
2008-10-11;13;13;0
2008-10-12;16;16;0
2008-10-13;13;13;0
2008-10-14;13;13;0
2008-10-15;12;12;0
2008-10-16;17;11;6
2008-10-17;12;0;12
2008-10-18;0;0;0
2008-10-19;0;0;0
2008-10-20;0;0;0
2008-10-21;0;0;0
2008-10-22;0;0;0
2008-10-23;0;0;0
2008-10-24;0;0;0
2008-10-25;0;0;0
2008-10-26;0;0;0
2008-10-27;0;0;0
2008-10-28;0;0;0
2008-10-29;0;0;0
2008-10-30;0;0;0
2008-10-31;13;13;0
2008-11-01;15;15;0
2008-11-02;18;18;0
2008-11-03;18;18;0
2008-11-04;16;16;0
2008-11-05;13;13;0
2008-11-06;11;11;0
2008-11-07;0;0;0
2008-11-08;0;0;0
2008-11-09;0;0;0
2008-11-10;0;0;0
2008-11-11;20;20;0
2008-11-12;23;23;0
2008-11-13;15;15;0
2008-11-14;13;13;0
2008-11-15;13;13;0
2008-11-16;13;13;0
2008-11-17;11;11;0
2008-11-18;0;0;0
2008-11-19;0;0;0
2008-11-20;0;0;0
2008-11-21;0;0;0
2008-11-22;0;0;0
2008-11-23;0;0;0
2008-11-24;0;0;0
2008-11-25;0;0;0
2008-11-26;0;0;0
2008-11-27;0;0;0
2008-11-28;0;0;0
2008-11-29;0;0;0
2008-11-30;0;0;0
2008-12-01;0;0;0
2008-12-02;0;0;0
2008-12-03;0;0;0
2008-12-04;0;0;0
2008-12-05;0;0;0
2008-12-06;0;0;0
2008-12-07;0;0;0
2008-12-08;0;0;0
2008-12-09;0;0;0
2008-12-10;11;0;11
2008-12-11;10;0;10
2008-12-12;11;0;11
2008-12-13;0;0;0
2008-12-14;0;0;0
2008-12-15;0;0;0
2008-12-16;0;0;0
2008-12-17;0;0;0
2008-12-18;0;0;0
2008-12-19;0;0;0
2008-12-20;0;0;0
2008-12-21;0;0;0
2008-12-22;0;0;0
2008-12-23;0;0;0
2008-12-24;0;0;0
2008-12-25;0;0;0
2008-12-26;0;0;0
2008-12-27;0;0;0
2008-12-28;0;0;0
2008-12-29;0;0;0
2008-12-30;0;0;0
2008-12-31;0;0;0
2009-01-01;0;0;0
2009-01-02;0;0;0
2009-01-03;0;0;0
2009-01-04;0;0;0
2009-01-05;0;0;0
2009-01-06;0;0;0
2009-01-07;0;0;0
2009-01-08;0;0;0
2009-01-09;7;7;0
2009-01-10;9;9;0
2009-01-11;10;10;0
2009-01-12;8;8;0
2009-01-13;0;0;0
2009-01-14;0;0;0
2009-01-15;0;0;0
2009-01-16;0;0;0
2009-01-17;0;0;0
2009-01-18;0;0;0
2009-01-19;7;0;7
2009-01-20;0;0;0
2009-01-21;0;0;0
2009-01-22;0;0;0
2009-01-23;0;0;0
2009-01-24;0;0;0
2009-01-25;0;0;0
2009-01-26;0;0;0
2009-01-27;0;0;0
2009-01-28;0;0;0
2009-01-29;0;0;0
2009-01-30;0;0;0
2009-01-31;0;0;0
2009-02-01;0;0;0
2009-02-02;0;0;0
2009-02-03;0;0;0
2009-02-04;0;0;0
2009-02-05;0;0;0
2009-02-06;0;0;0
2009-02-07;0;0;0
2009-02-08;0;0;0
2009-02-09;0;0;0
2009-02-10;0;0;0
2009-02-11;7;0;7
2009-02-12;6;0;6
2009-02-13;6;0;6
2009-02-14;0;0;0
2009-02-15;0;0;0
2009-02-16;0;0;0
2009-02-17;0;0;0
2009-02-18;0;0;0
2009-02-19;0;0;0
2009-02-20;0;0;0
2009-02-21;0;0;0
2009-02-22;0;0;0
2009-02-23;0;0;0
2009-02-24;7;7;0
2009-02-25;7;7;0
2009-02-26;0;0;0
2009-02-27;0;0;0
2009-02-28;0;0;0
2009-03-01;0;0;0
2009-03-02;0;0;0
2009-03-03;0;0;0
2009-03-04;0;0;0
2009-03-05;0;0;0
2009-03-06;7;0;7
2009-03-07;7;0;7
2009-03-08;0;0;0
2009-03-09;0;0;0
2009-03-10;0;0;0
2009-03-11;0;0;0
2009-03-12;0;0;0
2009-03-13;0;0;0
2009-03-14;0;0;0
2009-03-15;0;0;0
2009-03-16;0;0;0
2009-03-17;0;0;0
2009-03-18;0;0;0
2009-03-19;0;0;0
2009-03-20;0;0;0
2009-03-21;0;0;0
2009-03-22;0;0;0
2009-03-23;0;0;0
2009-03-24;0;0;0
2009-03-25;0;0;0
2009-03-26;6;6;0
2009-03-27;0;0;0
2009-03-28;0;0;0
2009-03-29;0;0;0
2009-03-30;0;0;0
2009-03-31;0;0;0
2009-04-01;0;0;0
2009-04-02;0;0;0
2009-04-03;0;0;0
2009-04-04;0;0;0
2009-04-05;0;0;0
2009-04-06;0;0;0
2009-04-07;0;0;0
2009-04-08;0;0;0
2009-04-09;0;0;0
2009-04-10;0;0;0
2009-04-11;0;0;0
2009-04-12;0;0;0
2009-04-13;0;0;0
2009-04-14;0;0;0
2009-04-15;0;0;0
2009-04-16;0;0;0
2009-04-17;0;0;0
2009-04-18;0;0;0
2009-04-19;0;0;0
2009-04-20;0;0;0
2009-04-21;11;11;0
2009-04-22;0;0;0
2009-04-23;0;0;0
2009-04-24;0;0;0
2009-04-25;0;0;0
2009-04-26;0;0;0
2009-04-27;0;0;0
2009-04-28;0;0;0
2009-04-29;13;0;13
2009-04-30;13;0;13
2009-05-01;0;0;0
2009-05-02;0;0;0
2009-05-03;0;0;0
2009-05-04;7;0;7
2009-05-05;0;0;0
2009-05-06;0;0;0
2009-05-07;0;0;0
2009-05-08;0;0;0
2009-05-09;0;0;0
2009-05-10;0;0;0
2009-05-11;0;0;0
2009-05-12;0;0;0
2009-05-13;7;7;0
2009-05-14;10;10;0
2009-05-15;9;9;0
2009-05-16;8;8;0
2009-05-17;9;9;0
2009-05-18;8;8;0
2009-05-19;7;7;0
2009-05-20;0;0;0
2009-05-21;0;0;0
2009-05-22;8;0;8
2009-05-23;8;0;8
2009-05-24;0;0;0
2009-05-25;0;0;0
2009-05-26;0;0;0
2009-05-27;0;0;0
2009-05-28;0;0;0
2009-05-29;0;0;0
2009-05-30;0;0;0
2009-05-31;10;10;0
2009-06-01;24;24;0
2009-06-02;26;26;0
2009-06-03;24;24;0
2009-06-04;19;19;0
2009-06-05;17;17;0
2009-06-06;0;0;0
2009-06-07;0;0;0
2009-06-08;0;0;0
2009-06-09;0;0;0
2009-06-10;0;0;0
2009-06-11;0;0;0
2009-06-12;0;0;0
2009-06-13;0;0;0
2009-06-14;0;0;0
2009-06-15;0;0;0
2009-06-16;0;0;0
2009-06-17;15;0;15
2009-06-18;0;0;0
2009-06-19;0;0;0
2009-06-20;0;0;0
2009-06-21;15;0;15
2009-06-22;17;0;17
2009-06-23;15;0;15
2009-06-24;17;0;17
2009-06-25;0;0;0
2009-06-26;0;0;0
2009-06-27;0;0;0
2009-06-28;0;0;0
2009-06-29;0;0;0
2009-06-30;0;0;0
2009-07-01;0;0;0
2009-07-02;0;0;0
2009-07-03;0;0;0
2009-07-04;24;0;24
2009-07-05;27;0;27
2009-07-06;24;0;24
2009-07-07;19;0;19
2009-07-08;21;0;21
2009-07-09;17;0;17
2009-07-10;15;0;15
2009-07-11;0;0;0
2009-07-12;0;0;0
2009-07-13;0;0;0
2009-07-14;0;0;0
2009-07-15;0;0;0
2009-07-16;0;0;0
2009-07-17;0;0;0
2009-07-18;0;0;0
2009-07-19;0;0;0
2009-07-20;0;0;0
2009-07-21;0;0;0
2009-07-22;0;0;0
2009-07-23;12;0;12
2009-07-24;0;0;0
2009-07-25;0;0;0
2009-07-26;0;0;0
2009-07-27;0;0;0
2009-07-28;0;0;0
2009-07-29;0;0;0
2009-07-30;12;12;0
2009-07-31;0;0;0
2009-08-01;0;0;0
2009-08-02;0;0;0
2009-08-03;0;0;0
2009-08-04;0;0;0
2009-08-05;0;0;0
2009-08-06;0;0;0
2009-08-07;0;0;0
2009-08-08;0;0;0
2009-08-09;0;0;0
2009-08-10;0;0;0
2009-08-11;0;0;0
2009-08-12;0;0;0
2009-08-13;0;0;0
2009-08-14;0;0;0
2009-08-15;0;0;0
2009-08-16;0;0;0
2009-08-17;0;0;0
2009-08-18;0;0;0
2009-08-19;0;0;0
2009-08-20;0;0;0
2009-08-21;0;0;0
2009-08-22;0;0;0
2009-08-23;0;0;0
2009-08-24;0;0;0
2009-08-25;0;0;0
2009-08-26;0;0;0
2009-08-27;0;0;0
2009-08-28;0;0;0
2009-08-29;0;0;0
2009-08-30;0;0;0
2009-08-31;0;0;0
2009-09-01;13;13;0
2009-09-02;0;0;0
2009-09-03;0;0;0
2009-09-04;0;0;0
2009-09-05;0;0;0
2009-09-06;0;0;0
2009-09-07;0;0;0
2009-09-08;0;0;0
2009-09-09;0;0;0
2009-09-10;0;0;0
2009-09-11;0;0;0
2009-09-12;0;0;0
2009-09-13;0;0;0
2009-09-14;0;0;0
2009-09-15;0;0;0
2009-09-16;0;0;0
2009-09-17;0;0;0
2009-09-18;0;0;0
2009-09-19;0;0;0
2009-09-20;0;0;0
2009-09-21;13;0;13
2009-09-22;22;7;15
2009-09-23;33;20;13
2009-09-24;33;20;13
2009-09-25;28;15;13
2009-09-26;15;15;0
2009-09-27;12;12;0
2009-09-28;17;17;0
2009-09-29;15;15;0
2009-09-30;12;12;0
2009-10-01;11;11;0
2009-10-02;0;0;0
2009-10-03;0;0;0
2009-10-04;0;0;0
2009-10-05;0;0;0
2009-10-06;0;0;0
2009-10-07;0;0;0
2009-10-08;0;0;0
2009-10-09;0;0;0
2009-10-10;0;0;0
2009-10-11;13;13;0
2009-10-12;0;0;0
2009-10-13;0;0;0
2009-10-14;0;0;0
2009-10-15;0;0;0
2009-10-16;0;0;0
2009-10-17;0;0;0
2009-10-18;0;0;0
2009-10-19;0;0;0
2009-10-20;0;0;0
2009-10-21;0;0;0
2009-10-22;0;0;0
2009-10-23;18;18;0
2009-10-24;26;26;0
2009-10-25;30;30;0
2009-10-26;32;32;0
2009-10-27;32;32;0
2009-10-28;32;32;0
2009-10-29;26;26;0
2009-10-30;18;18;0
2009-10-31;0;0;0
2009-11-01;0;0;0
2009-11-02;0;0;0
2009-11-03;0;0;0
2009-11-04;0;0;0
2009-11-05;12;12;0
2009-11-06;13;13;0
2009-11-07;0;0;0
2009-11-08;0;0;0
2009-11-09;13;13;0
2009-11-10;12;12;0
2009-11-11;12;12;0
2009-11-12;0;0;0
2009-11-13;12;0;12
2009-11-14;13;10;3
2009-11-15;12;12;0
2009-11-16;13;13;0
2009-11-17;0;0;0
2009-11-18;12;12;0
2009-11-19;29;29;0
2009-11-20;25;25;0
2009-11-21;15;15;0
2009-11-22;13;13;0
2009-11-23;0;0;0
2009-11-24;0;0;0
2009-11-25;0;0;0
2009-11-26;0;0;0
2009-11-27;0;0;0
2009-11-28;0;0;0
2009-11-29;0;0;0
2009-11-30;0;0;0
2009-12-01;0;0;0
2009-12-02;0;0;0
2009-12-03;0;0;0
2009-12-04;0;0;0
2009-12-05;0;0;0
2009-12-06;0;0;0
2009-12-07;0;0;0
2009-12-08;0;0;0
2009-12-09;11;11;0
2009-12-10;12;12;0
2009-12-11;12;12;0
2009-12-12;12;12;0
2009-12-13;14;14;0
2009-12-14;30;30;0
2009-12-15;36;36;0
2009-12-16;33;33;0
2009-12-17;26;26;0
2009-12-18;23;23;0
2009-12-19;24;24;0
2009-12-20;44;29;15
2009-12-21;46;26;20
2009-12-22;33;17;16
2009-12-23;26;12;14
2009-12-24;20;11;9
2009-12-25;0;0;0
2009-12-26;14;2;12
2009-12-27;15;0;15
2009-12-28;18;0;18
2009-12-29;18;0;18
2009-12-30;18;0;18
2009-12-31;21;0;21
2010-01-01;18;0;18
2010-01-02;21;0;21
2010-01-03;16;0;16
2010-01-04;15;0;15
2010-01-05;10;0;10
2010-01-06;0;0;0
2010-01-07;0;0;0
2010-01-08;15;15;0
2010-01-09;15;15;0
2010-01-10;22;22;0
2010-01-11;37;37;0
2010-01-12;35;35;0
2010-01-13;31;31;0
2010-01-14;26;26;0
2010-01-15;26;26;0
2010-01-16;23;23;0
2010-01-17;18;18;0
2010-01-18;13;13;0
2010-01-19;0;0;0
2010-01-20;13;0;13
2010-01-21;18;0;18
2010-01-22;31;13;18
2010-01-23;38;18;20
2010-01-24;38;18;20
2010-01-25;34;13;21
2010-01-26;25;10;15
2010-01-27;13;0;13
2010-01-28;12;0;12
2010-01-29;12;0;12
2010-01-30;12;6;6
2010-01-31;16;16;0
2010-02-01;17;17;0
2010-02-02;14;14;0
2010-02-03;14;14;0
2010-02-04;12;12;0
2010-02-05;12;12;0
2010-02-06;36;36;0
2010-02-07;38;38;0
2010-02-08;59;48;11
2010-02-09;56;44;12
2010-02-10;50;50;0
2010-02-11;44;44;0
2010-02-12;41;41;0
2010-02-13;43;43;0
2010-02-14;33;33;0
2010-02-15;30;30;0
2010-02-16;30;30;0
2010-02-17;43;25;18
2010-02-18;23;0;23
2010-02-19;20;0;20
2010-02-20;20;0;20
2010-02-21;17;0;17
2010-02-22;17;0;17
2010-02-23;15;0;15
2010-02-24;30;12;18
2010-02-25;29;14;15
2010-02-26;27;14;13
2010-02-27;14;14;0
2010-02-28;14;14;0
2010-03-01;23;12;11
2010-03-02;37;12;25
2010-03-03;36;13;23
2010-03-04;39;12;27
2010-03-05;28;14;14
2010-03-06;0;0;0
2010-03-07;12;12;0
2010-03-08;17;17;0
2010-03-09;0;0;0
2010-03-10;0;0;0
2010-03-11;34;20;14
2010-03-12;36;23;13
2010-03-13;31;31;0
2010-03-14;33;33;0
2010-03-15;27;27;0
2010-03-16;23;23;0
2010-03-17;28;28;0
2010-03-18;30;30;0
2010-03-19;22;22;0
2010-03-20;14;14;0
2010-03-21;22;22;0
2010-03-22;17;17;0
2010-03-23;14;14;0
2010-03-24;17;17;0
2010-03-25;23;23;0
2010-03-26;22;22;0
2010-03-27;34;23;11
2010-03-28;31;20;11
2010-03-29;33;22;11
2010-03-30;33;20;13
2010-03-31;27;14;13
2010-04-01;22;12;10
2010-04-02;22;12;10
2010-04-03;24;12;12
2010-04-04;33;22;11
2010-04-05;34;24;10
2010-04-06;25;25;0
2010-04-07;21;21;0
2010-04-08;29;29;0
2010-04-09;9;9;0
2010-04-10;10;10;0
2010-04-11;10;0;10
2010-04-12;10;0;10
2010-04-13;9;0;9
2010-04-14;0;0;0
2010-04-15;0;0;0
2010-04-16;0;0;0
2010-04-17;0;0;0
2010-04-18;0;0;0
2010-04-19;0;0;0
2010-04-20;0;0;0
2010-04-21;9;9;0
2010-04-22;9;9;0
2010-04-23;0;0;0
2010-04-24;0;0;0
2010-04-25;16;16;0
2010-04-26;0;0;0
2010-04-27;0;0;0
2010-04-28;10;10;0
2010-04-29;0;0;0
2010-04-30;9;9;0
2010-05-01;13;13;0
2010-05-02;21;21;0
2010-05-03;40;26;14
2010-05-04;51;26;25
2010-05-05;47;47;0
2010-05-06;19;19;0
2010-05-07;16;16;0
2010-05-08;16;16;0
2010-05-09;0;0;0
2010-05-10;0;0;0
2010-05-11;0;0;0
2010-05-12;0;0;0
2010-05-13;0;0;0
2010-05-14;0;0;0
2010-05-15;0;0;0
2010-05-16;0;0;0
2010-05-17;0;0;0
2010-05-18;0;0;0
2010-05-19;0;0;0
2010-05-20;0;0;0
2010-05-21;14;0;14
2010-05-22;21;0;21
2010-05-23;22;0;22
2010-05-24;19;0;19
2010-05-25;24;0;24
2010-05-26;16;0;16
2010-05-27;13;0;13
2010-05-28;13;0;13
2010-05-29;19;10;9
2010-05-30;29;16;13
2010-05-31;18;10;8
2010-06-01;15;0;15
2010-06-02;18;0;18
2010-06-03;21;0;21
2010-06-04;28;0;28
2010-06-05;26;11;15
2010-06-06;12;0;12
2010-06-07;18;10;8
2010-06-08;14;0;14
2010-06-09;29;0;29
2010-06-10;39;0;39
2010-06-11;46;20;26
2010-06-12;46;21;25
2010-06-13;25;25;0
2010-06-14;14;14;0
2010-06-15;0;0;0
2010-06-16;0;0;0
2010-06-17;12;12;0
2010-06-18;12;12;0
2010-06-19;26;26;0
2010-06-20;18;18;0
2010-06-21;14;14;0
2010-06-22;15;15;0
2010-06-23;14;14;0
2010-06-24;12;12;0
2010-06-25;17;9;8
2010-06-26;18;0;18
2010-06-27;11;0;11
2010-06-28;11;0;11
2010-06-29;22;0;22
2010-06-30;11;0;11
2010-07-01;13;0;13
2010-07-02;13;0;13
2010-07-03;13;0;13
2010-07-04;14;0;14
2010-07-05;27;14;13
2010-07-06;25;13;12
2010-07-07;13;0;13
2010-07-08;13;0;13
2010-07-09;17;17;0
2010-07-10;22;22;0
2010-07-11;36;36;0
2010-07-12;34;23;11
2010-07-13;30;19;11
2010-07-14;17;17;0
2010-07-15;25;25;0
2010-07-16;16;16;0
2010-07-17;14;14;0
2010-07-18;14;14;0
2010-07-19;14;14;0
2010-07-20;30;13;17
2010-07-21;31;0;31
2010-07-22;36;0;36
2010-07-23;44;0;44
2010-07-24;47;13;34
2010-07-25;39;12;27
2010-07-26;33;0;33
2010-07-27;19;0;19
2010-07-28;34;12;22
2010-07-29;38;13;25
2010-07-30;31;16;15
2010-07-31;30;16;14
2010-08-01;24;24;0
2010-08-02;24;24;0
2010-08-03;14;14;0
2010-08-04;32;32;0
2010-08-05;51;41;10
2010-08-06;51;39;12
2010-08-07;48;29;19
2010-08-08;38;26;12
2010-08-09;55;43;12
2010-08-10;58;47;11
2010-08-11;67;56;11
2010-08-12;50;50;0
2010-08-13;41;41;0
2010-08-14;33;33;0
2010-08-15;38;38;0
2010-08-16;51;42;9
2010-08-17;26;15;11
2010-08-18;23;12;11
2010-08-19;15;0;15
2010-08-20;12;0;12
2010-08-21;0;0;0
2010-08-22;0;0;0
2010-08-23;0;0;0
2010-08-24;12;12;0
2010-08-25;23;12;11
2010-08-26;23;12;11
2010-08-27;12;12;0
2010-08-28;12;12;0
2010-08-29;27;27;0
2010-08-30;29;29;0
2010-08-31;30;30;0
2010-09-01;30;30;0
2010-09-02;58;58;0
2010-09-03;49;49;0
2010-09-04;58;58;0
2010-09-05;43;43;0
2010-09-06;29;29;0
2010-09-07;14;14;0
2010-09-08;0;0;0
2010-09-09;0;0;0
2010-09-10;16;9;7
2010-09-11;12;0;12
2010-09-12;13;0;13
2010-09-13;26;0;26
2010-09-14;27;0;27
2010-09-15;27;0;27
2010-09-16;43;0;43
2010-09-17;53;0;53
2010-09-18;51;0;51
2010-09-19;49;0;49
2010-09-20;39;0;39
2010-09-21;38;0;38
2010-09-22;36;16;20
2010-09-23;39;25;14
2010-09-24;39;26;13
2010-09-25;39;26;13
2010-09-26;49;37;12
2010-09-27;56;45;11
2010-09-28;55;43;12
2010-09-29;55;55;0
2010-09-30;48;48;0
2010-10-01;36;36;0
2010-10-02;27;27;0
2010-10-03;29;29;0
2010-10-04;21;21;0
2010-10-05;13;13;0
2010-10-06;0;0;0
2010-10-07;0;0;0
2010-10-08;0;0;0
2010-10-09;13;0;13
2010-10-10;13;0;13
2010-10-11;13;0;13
2010-10-12;13;0;13
2010-10-13;23;12;11
2010-10-14;37;13;24
2010-10-15;41;11;30
2010-10-16;49;13;36
2010-10-17;57;23;34
2010-10-18;60;26;34
2010-10-19;63;36;27
2010-10-20;51;31;20
2010-10-21;36;24;12
2010-10-22;36;24;12
2010-10-23;44;33;11
2010-10-24;60;47;13
2010-10-25;67;56;11
2010-10-26;63;53;10
2010-10-27;41;31;10
2010-10-28;31;31;0
2010-10-29;39;39;0
2010-10-30;33;33;0
2010-10-31;34;34;0
2010-11-01;21;21;0
2010-11-02;18;18;0
2010-11-03;18;18;0
2010-11-04;14;14;0
2010-11-05;27;16;11
2010-11-06;35;13;22
2010-11-07;37;14;23
2010-11-08;37;16;21
2010-11-09;30;13;17
2010-11-10;48;16;32
2010-11-11;51;26;25
2010-11-12;48;27;21
2010-11-13;69;37;32
2010-11-14;61;34;27
2010-11-15;61;39;22
2010-11-16;59;38;21
2010-11-17;56;35;21
2010-11-18;46;30;16
2010-11-19;42;26;16
2010-11-20;32;14;18
2010-11-21;27;13;14
2010-11-22;24;13;11
2010-11-23;26;26;0
2010-11-24;13;13;0
2010-11-25;24;13;11
2010-11-26;14;14;0
2010-11-27;13;7;6
2010-11-28;27;17;10
2010-11-29;29;29;0
2010-11-30;24;24;0
2010-12-01;32;32;0
2010-12-02;36;36;0
2010-12-03;41;41;0
2010-12-04;53;53;0
2010-12-05;44;44;0
2010-12-06;29;29;0
2010-12-07;31;31;0
2010-12-08;31;31;0
2010-12-09;29;29;0
2010-12-10;36;36;0
2010-12-11;27;27;0
2010-12-12;27;27;0
2010-12-13;47;47;0
2010-12-14;27;27;0
2010-12-15;14;14;0
2010-12-16;24;24;0
2010-12-17;12;12;0
2010-12-18;0;0;0
2010-12-19;0;0;0
2010-12-20;0;0;0
2010-12-21;0;0;0
2010-12-22;17;0;17
2010-12-23;17;0;17
2010-12-24;14;0;14
2010-12-25;25;13;12
2010-12-26;34;20;14
2010-12-27;17;17;0
2010-12-28;22;22;0
2010-12-29;19;19;0
2010-12-30;14;14;0
2010-12-31;42;42;0
2011-01-01;48;31;17
2011-01-02;48;28;20
2011-01-03;47;28;19
2011-01-04;48;25;23
2011-01-05;36;14;22
2011-01-06;28;10;18
2011-01-07;35;12;23
2011-01-08;25;12;13
2011-01-09;32;22;10
2011-01-10;26;26;0
2011-01-11;25;25;0
2011-01-12;22;22;0
2011-01-13;13;13;0
2011-01-14;0;0;0
2011-01-15;12;12;0
2011-01-16;20;20;0
2011-01-17;28;16;12
2011-01-18;32;19;13
2011-01-19;26;14;12
2011-01-20;29;17;12
2011-01-21;33;33;0
2011-01-22;32;32;0
2011-01-23;33;33;0
2011-01-24;29;29;0
2011-01-25;28;28;0
2011-01-26;25;25;0
2011-01-27;20;20;0
2011-01-28;13;0;13
2011-01-29;15;0;15
2011-01-30;19;0;19
2011-01-31;20;0;20
2011-02-01;24;0;24
2011-02-02;21;0;21
2011-02-03;29;0;29
2011-02-04;36;11;25
2011-02-05;26;13;13
2011-02-06;18;18;0
2011-02-07;15;15;0
2011-02-08;64;51;13
2011-02-09;51;33;18
2011-02-10;34;15;19
2011-02-11;57;24;33
2011-02-12;60;28;32
2011-02-13;78;33;45
2011-02-14;87;44;43
2011-02-15;83;46;37
2011-02-16;78;42;36
2011-02-17;65;29;36
2011-02-18;85;54;31
2011-02-19;82;57;25
2011-02-20;69;54;15
2011-02-21;47;47;0
2011-02-22;38;38;0
2011-02-23;31;31;0
2011-02-24;24;24;0
2011-02-25;13;13;0
2011-02-26;42;29;13
2011-02-27;44;33;11
2011-02-28;51;39;12
2011-03-01;62;45;17
2011-03-02;56;38;18
2011-03-03;73;60;13
2011-03-04;99;83;16
2011-03-05;116;89;27
2011-03-06;130;96;34
2011-03-07;138;107;31
2011-03-08;141;111;30
2011-03-09;113;97;16
2011-03-10;83;83;0
2011-03-11;83;83;0
2011-03-12;83;83;0
2011-03-13;93;93;0
2011-03-14;61;61;0
2011-03-15;48;48;0
2011-03-16;38;21;17
2011-03-17;38;20;18
2011-03-18;28;0;28
2011-03-19;32;32;0
2011-03-20;30;30;0
2011-03-21;24;24;0
2011-03-22;45;31;14
2011-03-23;42;24;18
2011-03-24;55;25;30
2011-03-25;97;41;56
2011-03-26;101;34;67
2011-03-27;118;51;67
2011-03-28;124;51;73
2011-03-29;104;51;53
2011-03-30;96;44;52
2011-03-31;87;44;43
2011-04-01;67;52;15
2011-04-02;63;41;22
2011-04-03;60;60;0
2011-04-04;67;67;0
2011-04-05;56;56;0
2011-04-06;57;57;0
2011-04-07;81;70;11
2011-04-08;84;57;27
2011-04-09;78;63;15
2011-04-10;56;45;11
2011-04-11;67;56;11
2011-04-12;92;92;0
2011-04-13;111;111;0
2011-04-14;123;113;10
2011-04-15;127;116;11
2011-04-16;92;92;0
2011-04-17;71;71;0
2011-04-18;71;71;0
2011-04-19;71;58;13
2011-04-20;73;53;20
2011-04-21;80;36;44
2011-04-22;87;28;59
2011-04-23;78;24;54
2011-04-24;64;19;45
2011-04-25;56;15;41
2011-04-26;74;29;45
2011-04-27;73;39;34
2011-04-28;62;35;27
2011-04-29;62;35;27
2011-04-30;80;51;29
2011-05-01;70;53;17
2011-05-02;55;44;11
2011-05-03;71;57;14
2011-05-04;76;63;13
2011-05-05;76;76;0
2011-05-06;45;45;0
2011-05-07;43;43;0
2011-05-08;63;63;0
2011-05-09;84;73;11
2011-05-10;90;90;0
2011-05-11;66;66;0
2011-05-12;46;46;0
2011-05-13;36;36;0
2011-05-14;52;27;25
2011-05-15;57;32;25
2011-05-16;57;17;40
2011-05-17;50;13;37
2011-05-18;41;0;41
2011-05-19;36;0;36
2011-05-20;35;0;35
2011-05-21;36;0;36
2011-05-22;56;27;29
2011-05-23;31;13;18
2011-05-24;11;0;11
2011-05-25;24;13;11
2011-05-26;42;13;29
2011-05-27;63;32;31
2011-05-28;73;34;39
2011-05-29;98;55;43
2011-05-30;115;70;45
2011-05-31;106;60;46
2011-06-01;126;79;47
2011-06-02;135;91;44
2011-06-03;130;85;45
2011-06-04;115;70;45
2011-06-05;80;38;42
2011-06-06;70;33;37
2011-06-07;58;34;24
2011-06-08;45;26;19
2011-06-09;39;17;22
2011-06-10;33;14;19
2011-06-11;23;0;23
2011-06-12;17;0;17
2011-06-13;15;0;15
2011-06-14;36;15;21
2011-06-15;52;24;28
2011-06-16;59;29;30
2011-06-17;59;32;27
2011-06-18;61;34;27
2011-06-19;47;23;24
2011-06-20;39;39;0
2011-06-21;50;39;11
2011-06-22;50;35;15
2011-06-23;58;40;18
2011-06-24;65;45;20
2011-06-25;50;38;12
2011-06-26;27;27;0
2011-06-27;15;15;0
2011-06-28;38;26;12
2011-06-29;41;41;0
2011-06-30;49;49;0
2011-07-01;56;56;0
2011-07-02;44;44;0
2011-07-03;41;41;0
2011-07-04;46;46;0
2011-07-05;32;32;0
2011-07-06;34;34;0
2011-07-07;38;38;0
2011-07-08;63;47;16
2011-07-09;49;28;21
2011-07-10;59;13;46
2011-07-11;75;25;50
2011-07-12;72;24;48
2011-07-13;68;34;34
2011-07-14;68;35;33
2011-07-15;82;54;28
2011-07-16;74;41;33
2011-07-17;93;58;35
2011-07-18;115;78;37
2011-07-19;109;69;40
2011-07-20;71;41;30
2011-07-21;60;34;26
2011-07-22;54;32;22
2011-07-23;43;27;16
2011-07-24;43;31;12
2011-07-25;29;29;0
2011-07-26;43;43;0
2011-07-27;63;63;0
2011-07-28;96;96;0
2011-07-29;90;90;0
2011-07-30;91;91;0
2011-07-31;99;99;0
2011-08-01;107;107;0
2011-08-02;95;95;0
2011-08-03;81;81;0
2011-08-04;92;92;0
2011-08-05;88;74;14
2011-08-06;79;65;14
2011-08-07;79;62;17
2011-08-08;70;60;10
2011-08-09;61;52;9
2011-08-10;36;36;0
2011-08-11;38;24;14
2011-08-12;29;17;12
2011-08-13;18;9;9
2011-08-14;0;0;0
2011-08-15;12;12;0
2011-08-16;31;22;9
2011-08-17;51;29;22
2011-08-18;59;34;25
2011-08-19;60;39;21
2011-08-20;59;46;13
2011-08-21;73;57;16
2011-08-22;92;75;17
2011-08-23;98;82;16
2011-08-24;70;60;10
2011-08-25;65;57;8
2011-08-26;86;86;0
2011-08-27;77;77;0
2011-08-28;64;54;10
2011-08-29;56;44;12
2011-08-30;90;67;23
2011-08-31;125;95;30
2011-09-01;131;91;40
2011-09-02;136;111;25
2011-09-03;140;109;31
2011-09-04;105;74;31
2011-09-05;114;82;32
2011-09-06;89;58;31
2011-09-07;72;47;25
2011-09-08;54;42;12
2011-09-09;72;43;29
2011-09-10;80;51;29
2011-09-11;94;57;37
2011-09-12;139;82;57
2011-09-13;145;83;62
2011-09-14;169;98;71
2011-09-15;191;137;54
2011-09-16;191;132;59
2011-09-17;160;112;48
2011-09-18;143;121;22
2011-09-19;142;120;22
2011-09-20;123;105;18
2011-09-21;108;94;14
2011-09-22;109;86;23
2011-09-23;91;91;0
2011-09-24;116;105;11
2011-09-25;122;107;15
2011-09-26;112;112;0
2011-09-27;103;103;0
2011-09-28;109;109;0
2011-09-29;128;128;0
2011-09-30;116;116;0
2011-10-01;118;104;14
2011-10-02;118;107;11
2011-10-03;113;92;21
2011-10-04;128;95;33
2011-10-05;100;59;41
2011-10-06;100;53;47
2011-10-07;89;49;40
2011-10-08;69;29;40
2011-10-09;79;43;36
2011-10-10;90;56;34
2011-10-11;124;64;60
2011-10-12;146;84;62
2011-10-13;161;97;64
2011-10-14;170;109;61
2011-10-15;148;91;57
2011-10-16;154;86;68
2011-10-17;176;106;70
2011-10-18;156;104;52
2011-10-19;141;87;54
2011-10-20;183;119;64
2011-10-21;194;128;66
2011-10-22;174;124;50
2011-10-23;134;110;24
2011-10-24;130;113;17
2011-10-25;110;96;14
2011-10-26;104;91;13
2011-10-27;93;82;11
2011-10-28;101;101;0
2011-10-29;94;94;0
2011-10-30;103;103;0
2011-10-31;96;96;0
2011-11-01;125;106;19
2011-11-02;128;102;26
2011-11-03;125;96;29
2011-11-04;99;75;24
2011-11-05;114;79;35
2011-11-06;145;99;46
2011-11-07;173;124;49
2011-11-08;171;114;57
2011-11-09;177;109;68
2011-11-10;170;99;71
2011-11-11;162;85;77
2011-11-12;157;73;84
2011-11-13;162;86;76
2011-11-14;164;109;55
2011-11-15;141;106;35
2011-11-16;125;80;45
2011-11-17;121;76;45
2011-11-18;132;62;70
2011-11-19;128;55;73
2011-11-20;137;71;66
2011-11-21;127;74;53
2011-11-22;138;89;49
2011-11-23;142;106;36
2011-11-24;131;102;29
2011-11-25;158;132;26
2011-11-26;131;111;20
2011-11-27;124;112;12
2011-11-28;98;98;0
2011-11-29;135;112;23
2011-11-30;132;106;26
2011-12-01;129;93;36
2011-12-02;127;87;40
2011-12-03;154;106;48
2011-12-04;162;104;58
2011-12-05;151;78;73
2011-12-06;151;78;73
2011-12-07;132;75;57
2011-12-08;159;89;70
2011-12-09;114;68;46
2011-12-10;102;57;45
2011-12-11;93;51;42
2011-12-12;76;48;28
2011-12-13;81;50;31
2011-12-14;78;56;22
2011-12-15;57;35;22
2011-12-16;75;36;39
2011-12-17;90;42;48
2011-12-18;100;39;61
2011-12-19;115;42;73
2011-12-20;108;45;63
2011-12-21;109;55;54
2011-12-22;103;51;52
2011-12-23;103;45;58
2011-12-24;84;35;49
2011-12-25;97;31;66
2011-12-26;117;36;81
2011-12-27;114;26;88
2011-12-28;109;28;81
2011-12-29;112;27;85
2011-12-30;93;27;66
2011-12-31;93;27;66
2012-01-01;71;0;71
2012-01-02;92;23;69
2012-01-03;120;50;70
2012-01-04;126;68;58
2012-01-05;109;73;36
2012-01-06;113;87;26
2012-01-07;113;81;32
2012-01-08;104;80;24
2012-01-09;79;68;11
2012-01-10;70;70;0
2012-01-11;63;63;0
2012-01-12;52;52;0
2012-01-13;71;56;15
2012-01-14;118;78;40
2012-01-15;149;100;49
2012-01-16;154;115;39
2012-01-17;141;94;47
2012-01-18;126;86;40
2012-01-19;105;81;24
2012-01-20;102;102;0
2012-01-21;112;112;0
2012-01-22;109;109;0
2012-01-23;113;113;0
2012-01-24;86;86;0
2012-01-25;76;76;0
2012-01-26;49;49;0
2012-01-27;65;42;23
2012-01-28;45;32;13
2012-01-29;57;29;28
2012-01-30;62;47;15
2012-01-31;75;57;18
2012-02-01;89;58;31
2012-02-02;59;43;16
2012-02-03;35;35;0
2012-02-04;38;38;0
2012-02-05;29;29;0
2012-02-06;42;42;0
2012-02-07;32;32;0
2012-02-08;13;13;0
2012-02-09;29;12;17
2012-02-10;46;20;26
2012-02-11;46;13;33
2012-02-12;49;13;36
2012-02-13;65;26;39
2012-02-14;58;25;33
2012-02-15;54;28;26
2012-02-16;48;25;23
2012-02-17;49;26;23
2012-02-18;55;38;17
2012-02-19;70;51;19
2012-02-20;64;64;0
2012-02-21;59;59;0
2012-02-22;44;44;0
2012-02-23;55;55;0
2012-02-24;58;58;0
2012-02-25;48;36;12
2012-02-26;48;48;0
2012-02-27;44;44;0
2012-02-28;39;39;0
2012-02-29;20;20;0
2012-03-01;24;24;0
2012-03-02;27;27;0
2012-03-03;63;47;16
2012-03-04;86;62;24
2012-03-05;108;62;46
2012-03-06;115;69;46
2012-03-07;106;71;35
2012-03-08;97;65;32
2012-03-09;110;72;38
2012-03-10;104;78;26
2012-03-11;116;85;31
2012-03-12;116;82;34
2012-03-13;96;74;22
2012-03-14;85;69;16
2012-03-15;88;58;30
2012-03-16;85;46;39
2012-03-17;88;27;61
2012-03-18;62;13;49
2012-03-19;74;30;44
2012-03-20;86;34;52
2012-03-21;77;20;57
2012-03-22;70;26;44
2012-03-23;71;39;32
2012-03-24;94;48;46
2012-03-25;89;42;47
2012-03-26;88;39;49
2012-03-27;84;30;54
2012-03-28;88;27;61
2012-03-29;106;30;76
2012-03-30;94;30;64
2012-03-31;89;47;42
2012-04-01;65;29;36
2012-04-02;79;37;42
2012-04-03;72;41;31
2012-04-04;64;42;22
2012-04-05;53;53;0
2012-04-06;53;53;0
2012-04-07;30;30;0
2012-04-08;25;25;0
2012-04-09;14;14;0
2012-04-10;16;16;0
2012-04-11;30;17;13
2012-04-12;58;25;33
2012-04-13;54;42;12
2012-04-14;51;51;0
2012-04-15;90;57;33
2012-04-16;61;36;25
2012-04-17;79;50;29
2012-04-18;112;40;72
2012-04-19;148;55;93
2012-04-20;168;54;114
2012-04-21;162;48;114
2012-04-22;146;48;98
2012-04-23;138;43;95
2012-04-24;134;59;75
2012-04-25;126;64;62
2012-04-26;117;55;62
2012-04-27;106;56;50
2012-04-28;112;47;65
2012-04-29;110;33;77
2012-04-30;104;23;81
2012-05-01;96;14;82
2012-05-02;95;15;80
2012-05-03;96;21;75
2012-05-04;87;21;66
2012-05-05;88;35;53
2012-05-06;87;46;41
2012-05-07;80;49;31
2012-05-08;85;54;31
2012-05-09;91;56;35
2012-05-10;96;57;39
2012-05-11;110;71;39
2012-05-12;101;72;29
2012-05-13;105;71;34
2012-05-14;119;71;48
2012-05-15;122;70;52
2012-05-16;137;75;62
2012-05-17;110;79;31
2012-05-18;102;81;21
2012-05-19;109;78;31
2012-05-20;116;85;31
2012-05-21;110;81;29
2012-05-22;80;80;0
2012-05-23;77;64;13
2012-05-24;87;67;20
2012-05-25;94;63;31
2012-05-26;80;42;38
2012-05-27;82;40;42
2012-05-28;109;41;68
2012-05-29;78;24;54
2012-05-30;73;11;62
2012-05-31;89;19;70
2012-06-01;121;43;78
2012-06-02;151;70;81
2012-06-03;165;87;78
2012-06-04;148;97;51
2012-06-05;151;103;48
2012-06-06;153;96;57
2012-06-07;127;88;39
2012-06-08;107;73;34
2012-06-09;106;60;46
2012-06-10;121;60;61
2012-06-11;128;48;80
2012-06-12;111;23;88
2012-06-13;113;19;94
2012-06-14;123;17;106
2012-06-15;117;16;101
2012-06-16;106;16;90
2012-06-17;88;16;72
2012-06-18;57;11;46
2012-06-19;51;11;40
2012-06-20;30;0;30
2012-06-21;16;0;16
2012-06-22;16;16;0
2012-06-23;16;16;0
2012-06-24;20;10;10
2012-06-25;17;0;17
2012-06-26;36;12;24
2012-06-27;70;14;56
2012-06-28;87;21;66
2012-06-29;103;39;64
2012-06-30;104;36;68
2012-07-01;126;60;66
2012-07-02;128;59;69
2012-07-03;125;56;69
2012-07-04;131;50;81
2012-07-05;129;57;72
2012-07-06;132;44;88
2012-07-07;146;38;108
2012-07-08;117;26;91
2012-07-09;122;12;110
2012-07-10;107;0;107
2012-07-11;110;0;110
2012-07-12;125;14;111
2012-07-13;129;15;114
2012-07-14;125;14;111
2012-07-15;117;15;102
2012-07-16;102;14;88
2012-07-17;86;12;74
2012-07-18;57;0;57
2012-07-19;38;0;38
2012-07-20;36;0;36
2012-07-21;29;0;29
2012-07-22;29;0;29
2012-07-23;63;21;42
2012-07-24;71;23;48
2012-07-25;68;15;53
2012-07-26;86;29;57
2012-07-27;110;29;81
2012-07-28;107;26;81
2012-07-29;111;26;85
2012-07-30;120;30;90
2012-07-31;122;32;90
2012-08-01;132;48;84
2012-08-02;143;50;93
2012-08-03;174;62;112
2012-08-04;152;36;116
2012-08-05;123;39;84
2012-08-06;98;29;69
2012-08-07;122;44;78
2012-08-08;123;47;76
2012-08-09;158;57;101
2012-08-10;131;44;87
2012-08-11;108;32;76
2012-08-12;98;33;65
2012-08-13;74;23;51
2012-08-14;33;20;13
2012-08-15;30;18;12
2012-08-16;32;32;0
2012-08-17;50;50;0
2012-08-18;54;54;0
2012-08-19;72;57;15
2012-08-20;80;56;24
2012-08-21;71;48;23
2012-08-22;69;56;13
2012-08-23;71;47;24
2012-08-24;71;47;24
2012-08-25;77;48;29
2012-08-26;78;41;37
2012-08-27;75;39;36
2012-08-28;80;65;15
2012-08-29;83;66;17
2012-08-30;126;75;51
2012-08-31;150;72;78
2012-09-01;145;55;90
2012-09-02;142;47;95
2012-09-03;171;64;107
2012-09-04;159;70;89
2012-09-05;122;53;69
2012-09-06;116;52;64
2012-09-07;95;37;58
2012-09-08;82;32;50
2012-09-09;89;31;58
2012-09-10;70;26;44
2012-09-11;76;20;56
2012-09-12;73;17;56
2012-09-13;58;12;46
2012-09-14;52;14;38
2012-09-15;61;23;38
2012-09-16;64;20;44
2012-09-17;55;11;44
2012-09-18;64;23;41
2012-09-19;67;17;50
2012-09-20;81;20;61
2012-09-21;84;29;55
2012-09-22;58;44;14
2012-09-23;75;51;24
2012-09-24;95;67;28
2012-09-25;136;104;32
2012-09-26;145;95;50
2012-09-27;113;73;40
2012-09-28;85;47;38
2012-09-29;79;49;30
2012-09-30;99;61;38
2012-10-01;78;39;39
2012-10-02;73;17;56
2012-10-03;63;0;63
2012-10-04;62;0;62
2012-10-05;60;0;60
2012-10-06;43;0;43
2012-10-07;40;0;40
2012-10-08;49;0;49
2012-10-09;70;31;39
2012-10-10;76;43;33
2012-10-11;73;36;37
2012-10-12;83;47;36
2012-10-13;80;46;34
2012-10-14;95;71;24
2012-10-15;119;83;36
2012-10-16;115;76;39
2012-10-17;102;56;46
2012-10-18;109;66;43
2012-10-19;95;65;30
2012-10-20;73;57;16
2012-10-21;82;53;29
2012-10-22;85;63;22
2012-10-23;92;58;34
2012-10-24;95;56;39
2012-10-25;79;40;39
2012-10-26;78;39;39
2012-10-27;67;36;31
2012-10-28;53;19;34
2012-10-29;69;29;40
2012-10-30;65;20;45
2012-10-31;50;13;37
2012-11-01;47;11;36
2012-11-02;45;0;45
2012-11-03;44;20;24
2012-11-04;45;14;31
2012-11-05;51;30;21
2012-11-06;47;24;23
2012-11-07;61;20;41
2012-11-08;65;30;35
2012-11-09;65;27;38
2012-11-10;79;28;51
2012-11-11;108;50;58
2012-11-12;122;71;51
2012-11-13;121;74;47
2012-11-14;133;91;42
2012-11-15;138;91;47
2012-11-16;142;99;43
2012-11-17;139;113;26
2012-11-18;132;119;13
2012-11-19;121;100;21
2012-11-20;105;82;23
2012-11-21;106;78;28
2012-11-22;95;71;24
2012-11-23;78;65;13
2012-11-24;82;62;20
2012-11-25;84;38;46
2012-11-26;72;31;41
2012-11-27;77;37;40
2012-11-28;77;43;34
2012-11-29;78;50;28
2012-11-30;70;51;19
2012-12-01;53;53;0
2012-12-02;47;47;0
2012-12-03;44;44;0
2012-12-04;54;54;0
2012-12-05;60;49;11
2012-12-06;28;28;0
2012-12-07;31;31;0
2012-12-08;50;50;0
2012-12-09;42;42;0
2012-12-10;43;43;0
2012-12-11;47;47;0
2012-12-12;67;67;0
2012-12-13;72;72;0
2012-12-14;60;60;0
2012-12-15;62;34;28
2012-12-16;65;36;29
2012-12-17;74;40;34
2012-12-18;60;24;36
2012-12-19;54;18;36
2012-12-20;56;20;36
2012-12-21;60;21;39
2012-12-22;78;29;49
2012-12-23;79;30;49
2012-12-24;57;26;31
2012-12-25;53;40;13
2012-12-26;57;44;13
2012-12-27;54;42;12
2012-12-28;53;39;14
2012-12-29;56;42;14
2012-12-30;56;42;14
2012-12-31;89;65;24
2013-01-01;99;75;24
2013-01-02;95;70;25
2013-01-03;130;90;40
2013-01-04;150;109;41
2013-01-05;162;109;53
2013-01-06;160;117;43
2013-01-07;145;102;43
2013-01-08;154;101;53
2013-01-09;156;95;61
2013-01-10;148;85;63
2013-01-11;163;102;61
2013-01-12;160;111;49
2013-01-13;128;82;46
2013-01-14;119;72;47
2013-01-15;110;72;38
2013-01-16;90;64;26
2013-01-17;63;51;12
2013-01-18;43;28;15
2013-01-19;47;35;12
2013-01-20;47;36;11
2013-01-21;37;26;11
2013-01-22;55;43;12
2013-01-23;60;49;11
2013-01-24;55;44;11
2013-01-25;49;49;0
2013-01-26;66;54;12
2013-01-27;72;55;17
2013-01-28;61;44;17
2013-01-29;52;28;24
2013-01-30;53;29;24
2013-01-31;49;25;24
2013-02-01;64;40;24
2013-02-02;72;46;26
2013-02-03;80;61;19
2013-02-04;38;38;0
2013-02-05;42;42;0
2013-02-06;43;43;0
2013-02-07;62;62;0
2013-02-08;59;59;0
2013-02-09;61;61;0
2013-02-10;48;48;0
2013-02-11;56;43;13
2013-02-12;64;53;11
2013-02-13;38;27;11
2013-02-14;35;35;0
2013-02-15;45;32;13
2013-02-16;40;27;13
2013-02-17;72;38;34
2013-02-18;109;53;56
2013-02-19;114;59;55
2013-02-20;107;53;54
2013-02-21;78;46;32
2013-02-22;67;37;30
2013-02-23;50;24;26
2013-02-24;30;14;16
2013-02-25;51;13;38
2013-02-26;53;14;39
2013-02-27;58;15;43
2013-02-28;70;14;56
2013-03-01;77;20;57
2013-03-02;96;23;73
2013-03-03;92;22;70
2013-03-04;88;0;88
2013-03-05;83;12;71
2013-03-06;77;0;77
2013-03-07;66;20;46
2013-03-08;73;37;36
2013-03-09;81;55;26
2013-03-10;100;74;26
2013-03-11;101;78;23
2013-03-12;115;91;24
2013-03-13;110;94;16
2013-03-14;123;108;15
2013-03-15;111;96;15
2013-03-16;110;90;20
2013-03-17;119;77;42
2013-03-18;107;58;49
2013-03-19;66;47;19
2013-03-20;51;51;0
2013-03-21;49;49;0
2013-03-22;49;34;15
2013-03-23;49;33;16
2013-03-24;41;29;12
2013-03-25;42;27;15
2013-03-26;30;15;15
2013-03-27;35;13;22
2013-03-28;47;30;17
2013-03-29;72;30;42
2013-03-30;73;30;43
2013-03-31;95;41;54
2013-04-01;79;36;43
2013-04-02;98;56;42
2013-04-03;101;56;45
2013-04-04;93;58;35
2013-04-05;114;65;49
2013-04-06;113;83;30
2013-04-07;126;98;28
2013-04-08;122;95;27
2013-04-09;136;93;43
2013-04-10;139;90;49
2013-04-11;126;76;50
2013-04-12;125;76;49
2013-04-13;117;65;52
2013-04-14;110;43;67
2013-04-15;93;25;68
2013-04-16;93;13;80
2013-04-17;95;15;80
2013-04-18;85;12;73
2013-04-19;87;24;63
2013-04-20;90;62;28
2013-04-21;93;77;16
2013-04-22;89;61;28
2013-04-23;82;61;21
2013-04-24;98;68;30
2013-04-25;111;81;30
2013-04-26;105;75;30
2013-04-27;107;58;49
2013-04-28;102;47;55
2013-04-29;141;58;83
2013-04-30;150;59;91
2013-05-01;142;55;87
2013-05-02;104;46;58
2013-05-03;98;38;60
2013-05-04;122;55;67
2013-05-05;110;49;61
2013-05-06;108;44;64
2013-05-07;116;34;82
2013-05-08;122;47;75
2013-05-09;116;69;47
2013-05-10;125;82;43
2013-05-11;134;79;55
2013-05-12;142;92;50
2013-05-13;153;95;58
2013-05-14;160;105;55
2013-05-15;173;107;66
2013-05-16;206;110;96
2013-05-17;183;107;76
2013-05-18;133;78;55
2013-05-19;127;72;55
2013-05-20;112;72;40
2013-05-21;113;69;44
2013-05-22;131;76;55
2013-05-23;108;53;55
2013-05-24;108;55;53
2013-05-25;118;49;69
2013-05-26;96;37;59
2013-05-27;92;34;58
2013-05-28;78;23;55
2013-05-29;72;17;55
2013-05-30;73;23;50
2013-05-31;50;14;36
2013-06-01;60;13;47
2013-06-02;77;28;49
2013-06-03;64;23;41
2013-06-04;51;15;36
2013-06-05;79;44;35
2013-06-06;76;48;28
2013-06-07;48;32;16
2013-06-08;26;26;0
2013-06-09;35;23;12
2013-06-10;26;26;0
2013-06-11;16;16;0
2013-06-12;29;12;17
2013-06-13;51;0;51
2013-06-14;64;0;64
2013-06-15;95;12;83
2013-06-16;104;13;91
2013-06-17;111;19;92
2013-06-18;113;31;82
2013-06-19;123;45;78
2013-06-20;129;44;85
2013-06-21;139;40;99
2013-06-22;137;41;96
2013-06-23;118;29;89
2013-06-24;108;16;92
2013-06-25;77;20;57
2013-06-26;60;19;41
2013-06-27;61;12;49
2013-06-28;75;25;50
2013-06-29;69;22;47
2013-06-30;80;33;47
2013-07-01;77;41;36
2013-07-02;112;29;83
2013-07-03;109;15;94
2013-07-04;121;11;110
2013-07-05;109;0;109
2013-07-06;124;0;124
2013-07-07;141;0;141
2013-07-08;122;0;122
2013-07-09;110;0;110
2013-07-10;80;0;80
2013-07-11;79;0;79
2013-07-12;73;11;62
2013-07-13;36;0;36
2013-07-14;60;14;46
2013-07-15;77;41;36
2013-07-16;77;41;36
2013-07-17;73;23;50
2013-07-18;95;23;72
2013-07-19;85;33;52
2013-07-20;59;33;26
2013-07-21;53;30;23
2013-07-22;57;24;33
2013-07-23;80;39;41
2013-07-24;70;24;46
2013-07-25;85;27;58
2013-07-26;71;24;47
2013-07-27;68;12;56
2013-07-28;73;12;61
2013-07-29;103;41;62
2013-07-30;89;47;42
2013-07-31;103;59;44
2013-08-01;96;64;32
2013-08-02;114;60;54
2013-08-03;107;60;47
2013-08-04;86;50;36
2013-08-05;82;33;49
2013-08-06;71;32;39
2013-08-07;86;40;46
2013-08-08;89;33;56
2013-08-09;64;11;53
2013-08-10;72;14;58
2013-08-11;81;11;70
2013-08-12;90;0;90
2013-08-13;108;0;108
2013-08-14;108;0;108
2013-08-15;124;13;111
2013-08-16;96;0;96
2013-08-17;100;10;90
2013-08-18;110;22;88
2013-08-19;134;46;88
2013-08-20;129;35;94
2013-08-21;146;61;85
2013-08-22;139;67;72
2013-08-23;138;70;68
2013-08-24;78;28;50
2013-08-25;50;24;26
2013-08-26;43;18;25
2013-08-27;56;28;28
2013-08-28;50;31;19
2013-08-29;53;35;18
2013-08-30;71;39;32
2013-08-31;74;50;24
2013-09-01;74;53;21
2013-09-02;90;53;37
2013-09-03;72;37;35
2013-09-04;78;35;43
2013-09-05;65;21;44
2013-09-06;49;24;25
2013-09-07;37;12;25
2013-09-08;25;10;15
2013-09-09;13;0;13
2013-09-10;18;0;18
2013-09-11;60;0;60
2013-09-12;52;15;37
2013-09-13;37;0;37
2013-09-14;25;0;25
2013-09-15;13;0;13
2013-09-16;25;0;25
2013-09-17;52;13;39
2013-09-18;63;25;38
2013-09-19;63;18;45
2013-09-20;90;55;35
2013-09-21;77;46;31
2013-09-22;79;42;37
2013-09-23;72;32;40
2013-09-24;65;40;25
2013-09-25;71;49;22
2013-09-26;54;38;16
2013-09-27;63;40;23
2013-09-28;56;43;13
2013-09-29;43;31;12
2013-09-30;53;32;21
2013-10-01;48;21;27
2013-10-02;60;23;37
2013-10-03;68;31;37
2013-10-04;79;29;50
2013-10-05;57;16;41
2013-10-06;47;12;35
2013-10-07;73;16;57
2013-10-08;96;20;76
2013-10-09;106;24;82
2013-10-10;120;19;101
2013-10-11;122;31;91
2013-10-12;112;24;88
2013-10-13;132;49;83
2013-10-14;128;45;83
2013-10-15;128;49;79
2013-10-16;119;39;80
2013-10-17;146;64;82
2013-10-18;155;68;87
2013-10-19;130;66;64
2013-10-20;114;52;62
2013-10-21;128;65;63
2013-10-22;118;63;55
2013-10-23;124;57;67
2013-10-24;144;56;88
2013-10-25;138;48;90
2013-10-26;132;45;87
2013-10-27;148;52;96
2013-10-28;147;43;104
2013-10-29;150;43;107
2013-10-30;146;43;103
2013-10-31;130;29;101
2013-11-01;106;12;94
2013-11-02;101;13;88
2013-11-03;123;13;110
2013-11-04;128;24;104
2013-11-05;122;24;98
2013-11-06;145;21;124
2013-11-07;166;18;148
2013-11-08;142;16;126
2013-11-09;104;13;91
2013-11-10;101;18;83
2013-11-11;113;12;101
2013-11-12;135;22;113
2013-11-13;152;22;130
2013-11-14;173;26;147
2013-11-15;166;43;123
2013-11-16;183;51;132
2013-11-17;192;60;132
2013-11-18;145;38;107
2013-11-19;113;28;85
2013-11-20;84;32;52
2013-11-21;72;38;34
2013-11-22;67;34;33
2013-11-23;62;41;21
2013-11-24;72;51;21
2013-11-25;40;18;22
2013-11-26;37;12;25
2013-11-27;73;0;73
2013-11-28;106;13;93
2013-11-29;98;10;88
2013-11-30;95;13;82
2013-12-01;124;25;99
2013-12-02;139;17;122
2013-12-03;110;0;110
2013-12-04;117;0;117
2013-12-05;110;0;110
2013-12-06;98;0;98
2013-12-07;89;0;89
2013-12-08;95;0;95
2013-12-09;142;41;101
2013-12-10;187;62;125
2013-12-11;176;63;113
2013-12-12;151;59;92
2013-12-13;144;69;75
2013-12-14;135;69;66
2013-12-15;135;65;70
2013-12-16;114;38;76
2013-12-17;121;26;95
2013-12-18;140;25;115
2013-12-19;140;37;103
2013-12-20;143;33;110
2013-12-21;140;30;110
2013-12-22;114;11;103
2013-12-23;111;0;111
2013-12-24;109;0;109
2013-12-25;96;0;96
2013-12-26;103;0;103
2013-12-27;106;0;106
2013-12-28;100;0;100
2013-12-29;124;11;113
2013-12-30;100;0;100
2013-12-31;136;11;125
2014-01-01;124;14;110
2014-01-02;133;26;107
2014-01-03;153;29;124
2014-01-04;136;36;100
2014-01-05;134;33;101
2014-01-06;167;73;94
2014-01-07;140;56;84
2014-01-08;107;37;70
2014-01-09;120;39;81
2014-01-10;137;63;74
2014-01-11;142;57;85
2014-01-12;133;46;87
2014-01-13;117;44;73
2014-01-14;96;33;63
2014-01-15;93;30;63
2014-01-16;80;14;66
2014-01-17;74;13;61
2014-01-18;116;29;87
2014-01-19;110;21;89
2014-01-20;133;20;113
2014-01-21;129;17;112
2014-01-22;154;40;114
2014-01-23;146;27;119
2014-01-24;116;32;84
2014-01-25;100;16;84
2014-01-26;97;11;86
2014-01-27;76;0;76
2014-01-28;77;17;60
2014-01-29;94;19;75
2014-01-30;99;19;80
2014-01-31;93;27;66
2014-02-01;94;26;68
2014-02-02;118;36;82
2014-02-03;127;31;96
2014-02-04;144;36;108
2014-02-05;167;53;114
2014-02-06;171;57;114
2014-02-07;147;44;103
2014-02-08;147;41;106
2014-02-09;147;36;111
2014-02-10;137;33;104
2014-02-11;158;33;125
2014-02-12;161;38;123
2014-02-13;147;27;120
2014-02-14;130;20;110
2014-02-15;113;0;113
2014-02-16;103;0;103
2014-02-17;106;0;106
2014-02-18;127;0;127
2014-02-19;126;21;105
2014-02-20;133;21;112
2014-02-21;136;13;123
2014-02-22;146;24;122
2014-02-23;158;34;124
2014-02-24;153;41;112
2014-02-25;171;40;131
2014-02-26;207;51;156
2014-02-27;220;49;171
2014-02-28;196;43;153
2014-03-01;155;32;123
2014-03-02;158;50;108
2014-03-03;161;55;106
2014-03-04;141;50;91
2014-03-05;154;50;104
2014-03-06;127;32;95
2014-03-07;134;39;95
2014-03-08;116;39;77
2014-03-09;111;39;72
2014-03-10;113;49;64
2014-03-11;111;45;66
2014-03-12;132;59;73
2014-03-13;112;50;62
2014-03-14;109;57;52
2014-03-15;111;58;53
2014-03-16;122;57;65
2014-03-17;126;41;85
2014-03-18;136;38;98
2014-03-19;141;25;116
2014-03-20;139;24;115
2014-03-21;126;22;104
2014-03-22;146;34;112
2014-03-23;151;41;110
2014-03-24;137;50;87
2014-03-25;136;49;87
2014-03-26;112;38;74
2014-03-27;115;39;76
2014-03-28;122;52;70
2014-03-29;118;52;66
2014-03-30;101;38;63
2014-03-31;118;35;83
2014-04-01;96;33;63
2014-04-02;114;49;65
2014-04-03;133;67;66
2014-04-04;158;84;74
2014-04-05;135;65;70
2014-04-06;121;60;61
2014-04-07;114;70;44
2014-04-08;117;73;44
2014-04-09;94;69;25
2014-04-10;65;52;13
2014-04-11;61;50;11
2014-04-12;73;50;23
2014-04-13;80;41;39
2014-04-14;105;43;62
2014-04-15;145;57;88
2014-04-16;187;73;114
2014-04-17;199;84;115
2014-04-18;178;76;102
2014-04-19;178;70;108
2014-04-20;173;52;121
2014-04-21;150;38;112
2014-04-22;123;25;98
2014-04-23;85;13;72
2014-04-24;72;11;61
2014-04-25;57;12;45
2014-04-26;45;12;33
2014-04-27;77;37;40
2014-04-28;80;35;45
2014-04-29;77;24;53
2014-04-30;82;24;58
2014-05-01;88;12;76
2014-05-02;115;12;103
2014-05-03;123;14;109
2014-05-04;127;24;103
2014-05-05;142;42;100
2014-05-06;148;64;84
2014-05-07;120;78;42
2014-05-08;132;80;52
2014-05-09;139;82;57
2014-05-10;123;77;46
2014-05-11;150;78;72
2014-05-12;154;75;79
2014-05-13;133;60;73
2014-05-14;166;87;79
2014-05-15;156;89;67
2014-05-16;133;81;52
2014-05-17;151;60;91
2014-05-18;138;44;94
2014-05-19;102;24;78
2014-05-20;87;12;75
2014-05-21;85;0;85
2014-05-22;66;0;66
2014-05-23;91;0;91
2014-05-24;109;0;109
2014-05-25;109;0;109
2014-05-26;91;0;91
2014-05-27;78;0;78
2014-05-28;70;0;70
2014-05-29;48;0;48
2014-05-30;55;0;55
2014-05-31;57;0;57
2014-06-01;64;12;52
2014-06-02;62;13;49
2014-06-03;74;22;52
2014-06-04;64;23;41
2014-06-05;87;26;61
2014-06-06;119;44;75
2014-06-07;133;39;94
2014-06-08;142;43;99
2014-06-09;156;51;105
2014-06-10;162;51;111
2014-06-11;174;73;101
2014-06-12;197;75;122
2014-06-13;182;59;123
2014-06-14;137;49;88
2014-06-15;74;44;30
2014-06-16;84;38;46
2014-06-17;95;35;60
2014-06-18;120;40;80
2014-06-19;95;35;60
2014-06-20;80;12;68
2014-06-21;93;23;70
2014-06-22;90;23;67
2014-06-23;77;32;45
2014-06-24;40;24;16
2014-06-25;55;26;29
2014-06-26;67;29;38
2014-06-27;67;36;31
2014-06-28;71;48;23
2014-06-29;93;52;41
2014-06-30;132;74;58
2014-07-01;134;73;61
2014-07-02;145;70;75
2014-07-03;167;68;99
2014-07-04;172;67;105
2014-07-05;194;55;139
2014-07-06;185;48;137
2014-07-07;197;58;139
2014-07-08;183;64;119
2014-07-09;162;64;98
2014-07-10;161;56;105
2014-07-11;144;53;91
2014-07-12;119;46;73
2014-07-13;86;40;46
2014-07-14;62;33;29
2014-07-15;18;18;0
2014-07-16;10;10;0
2014-07-17;0;0;0
2014-07-18;15;15;0
2014-07-19;35;20;15
2014-07-20;35;20;15
2014-07-21;17;0;17
2014-07-22;39;13;26
2014-07-23;65;29;36
2014-07-24;62;23;39
2014-07-25;64;32;32
2014-07-26;58;22;36
2014-07-27;78;21;57
2014-07-28;109;17;92
2014-07-29;137;17;120
2014-07-30;122;14;108
2014-07-31;131;21;110
2014-08-01;165;26;139
2014-08-02;165;34;131
2014-08-03;153;30;123
2014-08-04;146;34;112
2014-08-05;128;36;92
2014-08-06;113;26;87
2014-08-07;123;43;80
2014-08-08;89;53;36
2014-08-09;83;50;33
2014-08-10;62;30;32
2014-08-11;69;53;16
2014-08-12;75;62;13
2014-08-13;79;63;16
2014-08-14;86;60;26
2014-08-15;107;67;40
2014-08-16;109;77;32
2014-08-17;116;72;44
2014-08-18;105;65;40
2014-08-19;93;52;41
2014-08-20;102;68;34
2014-08-21;120;76;44
2014-08-22;125;86;39
2014-08-23;150;84;66
2014-08-24;149;109;40
2014-08-25;116;90;26
2014-08-26;86;60;26
2014-08-27;95;56;39
2014-08-28;82;39;43
2014-08-29;66;19;47
2014-08-30;76;22;54
2014-08-31;82;19;63
2014-09-01;96;18;78
2014-09-02;110;13;97
2014-09-03;102;0;102
2014-09-04;120;12;108
2014-09-05;116;13;103
2014-09-06;142;27;115
2014-09-07;165;33;132
2014-09-08;154;37;117
2014-09-09;175;62;113
2014-09-10;169;55;114
2014-09-11;160;43;117
2014-09-12;126;37;89
2014-09-13;125;37;88
2014-09-14;104;45;59
2014-09-15;94;42;52
2014-09-16;114;34;80
2014-09-17;123;50;73
2014-09-18;82;43;39
2014-09-19;79;36;43
2014-09-20;80;33;47
2014-09-21;95;36;59
2014-09-22;101;36;65
2014-09-23;119;49;70
2014-09-24;108;34;74
2014-09-25;144;62;82
2014-09-26;165;67;98
2014-09-27;181;58;123
2014-09-28;193;62;131
2014-09-29;180;73;107
2014-09-30;178;74;104
2014-10-01;135;55;80
2014-10-02;126;42;84
2014-10-03;117;37;80
2014-10-04;105;33;72
2014-10-05;89;28;61
2014-10-06;68;10;58
2014-10-07;68;10;58
2014-10-08;74;0;74
2014-10-09;59;0;59
2014-10-10;36;0;36
2014-10-11;30;0;30
2014-10-12;30;0;30
2014-10-13;42;12;30
2014-10-14;74;28;46
2014-10-15;89;45;44
2014-10-16;70;31;39
2014-10-17;64;19;45
2014-10-18;61;0;61
2014-10-19;92;18;74
2014-10-20;110;21;89
2014-10-21;107;18;89
2014-10-22;123;30;93
2014-10-23;132;28;104
2014-10-24;138;27;111
2014-10-25;136;30;106
2014-10-26;132;27;105
2014-10-27;107;12;95
2014-10-28;101;13;88
2014-10-29;92;12;80
2014-10-30;102;25;77
2014-10-31;80;22;58
2014-11-01;90;53;37
2014-11-02;98;68;30
2014-11-03;112;75;37
2014-11-04;109;56;53
2014-11-05;137;71;66
2014-11-06;101;61;40
2014-11-07;106;63;43
2014-11-08;86;58;28
2014-11-09;75;47;28
2014-11-10;69;40;29
2014-11-11;89;49;40
2014-11-12;92;42;50
2014-11-13;112;56;56
2014-11-14;102;46;56
2014-11-15;111;34;77
2014-11-16;103;19;84
2014-11-17;99;10;89
2014-11-18;77;0;77
2014-11-19;65;0;65
2014-11-20;74;0;74
2014-11-21;75;0;75
2014-11-22;84;0;84
2014-11-23;78;0;78
2014-11-24;103;22;81
2014-11-25;117;30;87
2014-11-26;139;55;84
2014-11-27;152;65;87
2014-11-28;143;77;66
2014-11-29;157;84;73
2014-11-30;154;70;84
2014-12-01;141;57;84
2014-12-02;125;37;88
2014-12-03;115;29;86
2014-12-04;93;30;63
2014-12-05;65;13;52
2014-12-06;57;12;45
2014-12-07;57;12;45
2014-12-08;71;24;47
2014-12-09;69;26;43
2014-12-10;90;31;59
2014-12-11;104;40;64
2014-12-12;115;53;62
2014-12-13;140;65;75
2014-12-14;162;71;91
2014-12-15;166;63;103
2014-12-16;175;60;115
2014-12-17;178;51;127
2014-12-18;154;40;114
2014-12-19;175;54;121
2014-12-20;138;38;100
2014-12-21;137;38;99
2014-12-22;118;47;71
2014-12-23;115;38;77
2014-12-24;93;24;69
2014-12-25;97;22;75
2014-12-26;88;31;57
2014-12-27;91;23;68
2014-12-28;100;24;76
2014-12-29;94;25;69
2014-12-30;88;28;60
2014-12-31;88;12;76
2015-01-01;104;11;93
2015-01-02;122;11;111
2015-01-03;102;0;102
2015-01-04;105;0;105
2015-01-05;88;0;88
2015-01-06;89;0;89
2015-01-07;103;30;73
2015-01-08;99;44;55
2015-01-09;111;54;57
2015-01-10;106;51;55
2015-01-11;122;46;76
2015-01-12;124;42;82
2015-01-13;101;37;64
2015-01-14;80;20;60
2015-01-15;59;23;36
2015-01-16;52;20;32
2015-01-17;40;11;29
2015-01-18;68;11;57
2015-01-19;66;20;46
2015-01-20;56;13;43
2015-01-21;43;10;33
2015-01-22;50;10;40
2015-01-23;60;24;36
2015-01-24;59;23;36
2015-01-25;62;28;34
2015-01-26;109;46;63
2015-01-27;126;42;84
2015-01-28;141;51;90
2015-01-29;146;56;90
2015-01-30;153;65;88
2015-01-31;138;70;68
2015-02-01;113;77;36
2015-02-02;93;55;38
2015-02-03;89;50;39
2015-02-04;96;70;26
2015-02-05;93;71;22
2015-02-06;89;51;38
2015-02-07;76;49;27
2015-02-08;84;53;31
2015-02-09;88;62;26
2015-02-10;84;64;20
2015-02-11;60;44;16
2015-02-12;51;38;13
2015-02-13;62;50;12
2015-02-14;53;53;0
2015-02-15;65;39;26
2015-02-16;41;28;13
2015-02-17;39;29;10
2015-02-18;87;49;38
2015-02-19;89;55;34
2015-02-20;64;38;26
2015-02-21;58;35;23
2015-02-22;43;43;0
2015-02-23;46;34;12
2015-02-24;44;32;12
2015-02-25;21;21;0
2015-02-26;22;22;0
2015-02-27;58;34;24
2015-02-28;60;36;24
2015-03-01;65;37;28
2015-03-02;52;31;21
2015-03-03;42;19;23
2015-03-04;37;18;19
2015-03-05;26;15;11
2015-03-06;35;13;22
2015-03-07;17;0;17
2015-03-08;28;0;28
2015-03-09;23;0;23
2015-03-10;27;0;27
2015-03-11;44;10;34
2015-03-12;56;0;56
2015-03-13;76;11;65
2015-03-14;55;0;55
2015-03-15;53;0;53
2015-03-16;46;12;34
2015-03-17;38;15;23
2015-03-18;41;28;13
2015-03-19;49;38;11
2015-03-20;20;20;0
2015-03-21;26;12;14
2015-03-22;81;41;40
2015-03-23;99;56;43
2015-03-24;108;73;35
2015-03-25;99;54;45
2015-03-26;105;49;56
2015-03-27;101;58;43
2015-03-28;81;47;34
2015-03-29;72;33;39
2015-03-30;51;22;29
2015-03-31;38;11;27
2015-04-01;43;17;26
2015-04-02;35;18;17
2015-04-03;35;35;0
2015-04-04;54;29;25
2015-04-05;55;29;26
2015-04-06;53;27;26
2015-04-07;51;22;29
2015-04-08;43;17;26
2015-04-09;47;15;32
2015-04-10;41;17;24
2015-04-11;59;31;28
2015-04-12;86;47;39
2015-04-13;103;60;43
2015-04-14;105;80;25
2015-04-15;96;86;10
2015-04-16;100;100;0
2015-04-17;117;103;14
2015-04-18;140;94;46
2015-04-19;137;97;40
2015-04-20;128;93;35
2015-04-21;127;76;51
2015-04-22;138;78;60
2015-04-23;117;79;38
2015-04-24;83;49;34
2015-04-25;69;35;34
2015-04-26;65;21;44
2015-04-27;47;14;33
2015-04-28;41;11;30
2015-04-29;30;11;19
2015-04-30;15;0;15
2015-05-01;19;0;19
2015-05-02;34;0;34
2015-05-03;44;17;27
2015-05-04;103;40;63
2015-05-05;104;54;50
2015-05-06;124;65;59
2015-05-07;145;65;80
2015-05-08;150;75;75
2015-05-09;139;84;55
2015-05-10;163;94;69
2015-05-11;163;100;63
2015-05-12;165;106;59
2015-05-13;172;113;59
2015-05-14;164;104;60
2015-05-15;124;67;57
2015-05-16;103;50;53
2015-05-17;89;31;58
2015-05-18;101;35;66
2015-05-19;77;26;51
2015-05-20;59;23;36
2015-05-21;50;18;32
2015-05-22;73;32;41
2015-05-23;72;29;43
2015-05-24;78;21;57
2015-05-25;67;16;51
2015-05-26;53;15;38
2015-05-27;14;14;0
2015-05-28;12;0;12
2015-05-29;33;12;21
2015-05-30;31;12;19
2015-05-31;29;10;19
2015-06-01;27;0;27
2015-06-02;44;7;37
2015-06-03;49;19;30
2015-06-04;80;46;34
2015-06-05;90;68;22
2015-06-06;109;74;35
2015-06-07;124;84;40
2015-06-08;112;76;36
2015-06-09;92;70;22
2015-06-10;93;77;16
2015-06-11;95;72;23
2015-06-12;98;63;35
2015-06-13;97;52;45
2015-06-14;90;46;44
2015-06-15;54;14;40
2015-06-16;70;32;38
2015-06-17;80;41;39
2015-06-18;77;48;29
2015-06-19;68;35;33
2015-06-20;64;36;28
2015-06-21;61;38;23
2015-06-22;56;38;18
2015-06-23;45;34;11
2015-06-24;36;36;0
2015-06-25;27;27;0
2015-06-26;23;23;0
2015-06-27;21;21;0
2015-06-28;32;32;0
2015-06-29;39;29;10
2015-06-30;41;29;12
2015-07-01;54;42;12
2015-07-02;75;35;40
2015-07-03;88;36;52
2015-07-04;99;56;43
2015-07-05;109;58;51
2015-07-06;97;56;41
2015-07-07;112;59;53
2015-07-08;123;52;71
2015-07-09;110;41;69
2015-07-10;103;44;59
2015-07-11;92;36;56
2015-07-12;71;44;27
2015-07-13;53;33;20
2015-07-14;43;29;14
2015-07-15;43;29;14
2015-07-16;50;38;12
2015-07-17;50;39;11
2015-07-18;58;39;19
2015-07-19;44;32;12
2015-07-20;36;36;0
2015-07-21;36;36;0
2015-07-22;36;36;0
2015-07-23;29;29;0
2015-07-24;31;19;12
2015-07-25;34;0;34
2015-07-26;40;0;40
2015-07-27;51;11;40
2015-07-28;62;11;51
2015-07-29;67;12;55
2015-07-30;76;38;38
2015-07-31;69;38;31
2015-08-01;64;47;17
2015-08-02;53;41;12
2015-08-03;61;51;10
2015-08-04;90;56;34
2015-08-05;94;46;48
2015-08-06;108;60;48
2015-08-07;112;58;54
2015-08-08;93;48;45
2015-08-09;76;30;46
2015-08-10;69;24;45
2015-08-11;78;31;47
2015-08-12;66;24;42
2015-08-13;55;16;39
2015-08-14;46;18;28
2015-08-15;39;16;23
2015-08-16;38;14;24
2015-08-17;33;13;20
2015-08-18;39;10;29
2015-08-19;50;0;50
2015-08-20;65;11;54
2015-08-21;73;15;58
2015-08-22;71;15;56
2015-08-23;81;18;63
2015-08-24;81;16;65
2015-08-25;69;14;55
2015-08-26;47;0;47
2015-08-27;55;0;55
2015-08-28;44;0;44
2015-08-29;56;13;43
2015-08-30;56;20;36
2015-08-31;35;35;0
2015-09-01;43;43;0
2015-09-02;36;36;0
2015-09-03;29;16;13
2015-09-04;37;24;13
2015-09-05;27;27;0
2015-09-06;43;29;14
2015-09-07;44;29;15
2015-09-08;42;25;17
2015-09-09;57;30;27
2015-09-10;46;14;32
2015-09-11;81;15;66
2015-09-12;89;24;65
2015-09-13;83;21;62
2015-09-14;56;0;56
2015-09-15;68;14;54
2015-09-16;86;21;65
2015-09-17;75;22;53
2015-09-18;71;21;50
2015-09-19;64;20;44
2015-09-20;65;31;34
2015-09-21;78;42;36
2015-09-22;86;48;38
2015-09-23;96;55;41
2015-09-24;101;52;49
2015-09-25;152;87;65
2015-09-26;162;93;69
2015-09-27;169;95;74
2015-09-28;156;80;76
2015-09-29;120;61;59
2015-09-30;95;50;45
2015-10-01;93;56;37
2015-10-02;62;35;27
2015-10-03;51;35;16
2015-10-04;22;22;0
2015-10-05;20;20;0
2015-10-06;26;14;12
2015-10-07;33;11;22
2015-10-08;37;0;37
2015-10-09;26;0;26
2015-10-10;13;0;13
2015-10-11;30;0;30
2015-10-12;53;16;37
2015-10-13;65;22;43
2015-10-14;57;13;44
2015-10-15;55;0;55
2015-10-16;59;0;59
2015-10-17;79;13;66
2015-10-18;75;20;55
2015-10-19;94;26;68
2015-10-20;95;31;64
2015-10-21;89;43;46
2015-10-22;107;43;64
2015-10-23;94;47;47
2015-10-24;78;41;37
2015-10-25;67;41;26
2015-10-26;78;56;22
2015-10-27;67;67;0
2015-10-28;81;66;15
2015-10-29;93;72;21
2015-10-30;88;75;13
2015-10-31;86;86;0
2015-11-01;85;85;0
2015-11-02;101;101;0
2015-11-03;82;82;0
2015-11-04;100;100;0
2015-11-05;82;82;0
2015-11-06;78;78;0
2015-11-07;82;52;30
2015-11-08;75;42;33
2015-11-09;66;39;27
2015-11-10;71;36;35
2015-11-11;61;17;44
2015-11-12;60;17;43
2015-11-13;49;36;13
2015-11-14;39;28;11
2015-11-15;56;45;11
2015-11-16;38;38;0
2015-11-17;34;34;0
2015-11-18;30;30;0
2015-11-19;41;41;0
2015-11-20;55;55;0
2015-11-21;58;58;0
2015-11-22;71;71;0
2015-11-23;56;56;0
2015-11-24;59;59;0
2015-11-25;61;61;0
2015-11-26;65;65;0
2015-11-27;61;61;0
2015-11-28;51;51;0
2015-11-29;51;40;11
2015-11-30;47;47;0
2015-12-01;32;32;0
2015-12-02;49;36;13
2015-12-03;36;36;0
2015-12-04;33;17;16
2015-12-05;50;13;37
2015-12-06;54;12;42
2015-12-07;61;14;47
2015-12-08;60;13;47
2015-12-09;78;13;65
2015-12-10;82;0;82
2015-12-11;83;0;83
2015-12-12;83;13;70
2015-12-13;81;35;46
2015-12-14;86;42;44
2015-12-15;65;37;28
2015-12-16;63;45;18
2015-12-17;56;40;16
2015-12-18;54;41;13
2015-12-19;49;36;13
2015-12-20;22;22;0
2015-12-21;18;18;0
2015-12-22;72;42;30
2015-12-23;68;36;32
2015-12-24;69;37;32
2015-12-25;76;40;36
2015-12-26;65;16;49
2015-12-27;67;22;45
2015-12-28;71;24;47
2015-12-29;57;16;41
2015-12-30;37;11;26
2015-12-31;22;0;22
2016-01-01;37;11;26
2016-01-02;40;12;28
2016-01-03;51;29;22
2016-01-04;70;42;28
2016-01-05;35;13;22
2016-01-06;31;19;12
2016-01-07;61;36;25
2016-01-08;86;66;20
2016-01-09;97;77;20
2016-01-10;90;69;21
2016-01-11;47;47;0
2016-01-12;40;28;12
2016-01-13;38;38;0
2016-01-14;41;41;0
2016-01-15;45;45;0
2016-01-16;44;44;0
2016-01-17;58;45;13
2016-01-18;54;41;13
2016-01-19;66;40;26
2016-01-20;62;27;35
2016-01-21;64;21;43
2016-01-22;67;27;40
2016-01-23;63;28;35
2016-01-24;48;30;18
2016-01-25;67;43;24
2016-01-26;69;43;26
2016-01-27;83;51;32
2016-01-28;77;57;20
2016-01-29;64;47;17
2016-01-30;36;36;0
2016-01-31;35;19;16
2016-02-01;44;28;16
2016-02-02;52;37;15
2016-02-03;83;48;35
2016-02-04;108;45;63
2016-02-05;103;41;62
2016-02-06;79;39;40
2016-02-07;89;54;35
2016-02-08;89;55;34
2016-02-09;84;66;18
2016-02-10;75;59;16
2016-02-11;85;72;13
2016-02-12;63;63;0
2016-02-13;38;38;0
2016-02-14;46;33;13
2016-02-15;50;40;10
2016-02-16;42;42;0
2016-02-17;38;38;0
2016-02-18;36;36;0
2016-02-19;46;46;0
2016-02-20;52;52;0
2016-02-21;47;47;0
2016-02-22;34;34;0
2016-02-23;37;27;10
2016-02-24;34;23;11
2016-02-25;26;11;15
2016-02-26;48;23;25
2016-02-27;26;0;26
2016-02-28;36;11;25
2016-02-29;45;26;19
2016-03-01;68;50;18
2016-03-02;78;61;17
2016-03-03;77;63;14
2016-03-04;111;77;34
2016-03-05;83;83;0
2016-03-06;78;78;0
2016-03-07;79;79;0
2016-03-08;63;63;0
2016-03-09;91;91;0
2016-03-10;80;80;0
2016-03-11;51;51;0
2016-03-12;70;70;0
2016-03-13;57;57;0
2016-03-14;70;70;0
2016-03-15;59;59;0
2016-03-16;79;66;13
2016-03-17;72;61;11
2016-03-18;47;47;0
2016-03-19;37;37;0
2016-03-20;36;36;0
2016-03-21;33;33;0
2016-03-22;20;20;0
2016-03-23;21;21;0
2016-03-24;35;23;12
2016-03-25;34;22;12
2016-03-26;32;19;13
2016-03-27;32;17;15
2016-03-28;30;17;13
2016-03-29;20;0;20
2016-03-30;17;0;17
2016-03-31;16;0;16
2016-04-01;12;0;12
2016-04-02;12;0;12
2016-04-03;12;0;12
2016-04-04;40;28;12
2016-04-05;33;23;10
2016-04-06;20;20;0
2016-04-07;18;18;0
2016-04-08;26;26;0
2016-04-09;25;25;0
2016-04-10;34;34;0
2016-04-11;43;43;0
2016-04-12;37;37;0
2016-04-13;48;48;0
2016-04-14;46;46;0
2016-04-15;33;33;0
2016-04-16;42;42;0
2016-04-17;36;36;0
2016-04-18;31;31;0
2016-04-19;28;28;0
2016-04-20;25;14;11
2016-04-21;26;15;11
2016-04-22;21;10;11
2016-04-23;13;0;13
2016-04-24;37;26;11
2016-04-25;45;34;11
2016-04-26;57;35;22
2016-04-27;76;38;38
2016-04-28;90;49;41
2016-04-29;82;47;35
2016-04-30;89;68;21
2016-05-01;87;76;11
2016-05-02;83;72;11
2016-05-03;73;73;0
2016-05-04;71;71;0
2016-05-05;60;60;0
2016-05-06;57;57;0
2016-05-07;34;34;0
2016-05-08;44;30;14
2016-05-09;52;38;14
2016-05-10;76;41;35
2016-05-11;79;39;40
2016-05-12;83;46;37
2016-05-13;78;44;34
2016-05-14;88;47;41
2016-05-15;87;47;40
2016-05-16;55;31;24
2016-05-17;38;23;15
2016-05-18;30;17;13
2016-05-19;43;14;29
2016-05-20;46;11;35
2016-05-21;18;0;18
2016-05-22;28;0;28
2016-05-23;16;0;16
2016-05-24;25;13;12
2016-05-25;35;25;10
2016-05-26;34;23;11
2016-05-27;34;34;0
2016-05-28;33;17;16
2016-05-29;33;13;20
2016-05-30;41;29;12
2016-05-31;36;36;0
2016-06-01;41;28;13
2016-06-02;14;14;0
2016-06-03;0;0;0
2016-06-04;10;0;10
2016-06-05;0;0;0
2016-06-06;0;0;0
2016-06-07;12;12;0
2016-06-08;14;14;0
2016-06-09;19;19;0
2016-06-10;33;21;12
2016-06-11;44;32;12
2016-06-12;42;30;12
2016-06-13;38;18;20
2016-06-14;38;15;23
2016-06-15;40;15;25
2016-06-16;28;0;28
2016-06-17;39;11;28
2016-06-18;47;24;23
2016-06-19;50;38;12
2016-06-20;36;24;12
2016-06-21;24;13;11
2016-06-22;23;12;11
2016-06-23;12;12;0
2016-06-24;12;12;0
2016-06-25;0;0;0
2016-06-26;0;0;0
2016-06-27;0;0;0
2016-06-28;0;0;0
2016-06-29;0;0;0
2016-06-30;0;0;0
2016-07-01;0;0;0
2016-07-02;11;11;0
2016-07-03;19;10;9
2016-07-04;0;0;0
2016-07-05;13;0;13
2016-07-06;13;0;13
2016-07-07;25;0;25
2016-07-08;41;14;27
2016-07-09;56;28;28
2016-07-10;50;32;18
2016-07-11;62;46;16
2016-07-12;59;44;15
2016-07-13;53;39;14
2016-07-14;58;45;13
2016-07-15;69;45;24
2016-07-16;60;47;13
2016-07-17;39;39;0
2016-07-18;64;64;0
2016-07-19;59;59;0
2016-07-20;56;56;0
2016-07-21;52;52;0
2016-07-22;39;39;0
2016-07-23;27;27;0
2016-07-24;13;13;0
2016-07-25;0;0;0
2016-07-26;0;0;0
2016-07-27;0;0;0
2016-07-28;13;13;0
2016-07-29;15;15;0
2016-07-30;21;21;0
2016-07-31;16;16;0
2016-08-01;12;12;0
2016-08-02;12;12;0
2016-08-03;0;0;0
2016-08-04;16;16;0
2016-08-05;38;38;0
2016-08-06;39;39;0
2016-08-07;51;51;0
2016-08-08;81;81;0
2016-08-09;72;60;12
2016-08-10;77;64;13
2016-08-11;79;67;12
2016-08-12;71;59;12
2016-08-13;58;44;14
2016-08-14;59;45;14
2016-08-15;63;49;14
2016-08-16;80;67;13
2016-08-17;58;44;14
2016-08-18;49;35;14
2016-08-19;47;34;13
2016-08-20;16;16;0
2016-08-21;14;14;0
2016-08-22;28;16;12
2016-08-23;48;37;11
2016-08-24;49;38;11
2016-08-25;48;35;13
2016-08-26;49;37;12
2016-08-27;58;47;11
2016-08-28;64;50;14
2016-08-29;68;53;15
2016-08-30;74;52;22
2016-08-31;77;47;30
2016-09-01;78;54;24
2016-09-02;67;67;0
2016-09-03;65;65;0
2016-09-04;49;49;0
2016-09-05;31;31;0
2016-09-06;43;43;0
2016-09-07;57;57;0
2016-09-08;53;53;0
2016-09-09;79;79;0
2016-09-10;78;78;0
2016-09-11;67;67;0
2016-09-12;59;59;0
2016-09-13;39;39;0
2016-09-14;28;28;0
2016-09-15;15;15;0
2016-09-16;13;13;0
2016-09-17;14;14;0
2016-09-18;38;38;0
2016-09-19;63;63;0
2016-09-20;53;53;0
2016-09-21;55;55;0
2016-09-22;36;36;0
2016-09-23;60;39;21
2016-09-24;55;28;27
2016-09-25;30;5;25
2016-09-26;29;0;29
2016-09-27;26;0;26
2016-09-28;30;9;21
2016-09-29;17;0;17
2016-09-30;12;0;12
2016-10-01;0;0;0
2016-10-02;15;15;0
2016-10-03;35;22;13
2016-10-04;40;25;15
2016-10-05;41;24;17
2016-10-06;56;40;16
2016-10-07;60;41;19
2016-10-08;63;41;22
2016-10-09;68;41;27
2016-10-10;66;45;21
2016-10-11;63;42;21
2016-10-12;41;25;16
2016-10-13;42;27;15
2016-10-14;41;27;14
2016-10-15;38;26;12
2016-10-16;29;29;0
2016-10-17;27;27;0
2016-10-18;29;29;0
2016-10-19;28;28;0
2016-10-20;16;16;0
2016-10-21;28;28;0
2016-10-22;27;27;0
2016-10-23;15;15;0
2016-10-24;15;15;0
2016-10-25;17;17;0
2016-10-26;25;25;0
2016-10-27;25;25;0
2016-10-28;37;37;0
2016-10-29;23;23;0
2016-10-30;13;13;0
2016-10-31;13;13;0
2016-11-01;12;12;0
2016-11-02;0;0;0
2016-11-03;27;18;9
2016-11-04;25;25;0
2016-11-05;25;25;0
2016-11-06;22;22;0
2016-11-07;11;11;0
2016-11-08;0;0;0
2016-11-09;14;0;14
2016-11-10;24;0;24
2016-11-11;26;0;26
2016-11-12;12;0;12
2016-11-13;36;14;22
2016-11-14;31;16;15
2016-11-15;27;16;11
2016-11-16;27;27;0
2016-11-17;29;29;0
2016-11-18;28;28;0
2016-11-19;24;24;0
2016-11-20;13;13;0
2016-11-21;0;0;0
2016-11-22;0;0;0
2016-11-23;11;11;0
2016-11-24;12;12;0
2016-11-25;13;13;0
2016-11-26;25;25;0
2016-11-27;30;30;0
2016-11-28;41;41;0
2016-11-29;46;31;15
2016-11-30;51;32;19
2016-12-01;55;34;21
2016-12-02;61;40;21
2016-12-03;56;32;24
2016-12-04;38;12;26
2016-12-05;34;0;34
2016-12-06;31;11;20
2016-12-07;19;0;19
2016-12-08;14;0;14
2016-12-09;20;0;20
2016-12-10;0;0;0
2016-12-11;0;0;0
2016-12-12;12;12;0
2016-12-13;14;14;0
2016-12-14;23;23;0
2016-12-15;12;12;0
2016-12-16;0;0;0
2016-12-17;13;13;0
2016-12-18;27;27;0
2016-12-19;15;15;0
2016-12-20;22;11;11
2016-12-21;30;0;30
2016-12-22;16;0;16
2016-12-23;0;0;0
2016-12-24;0;0;0
2016-12-25;0;0;0
2016-12-26;0;0;0
2016-12-27;16;16;0
2016-12-28;12;12;0
2016-12-29;11;11;0
2016-12-30;11;11;0
2016-12-31;11;11;0
2017-01-01;12;0;12
2017-01-02;12;0;12
2017-01-03;11;0;11
2017-01-04;0;0;0
2017-01-05;0;0;0
2017-01-06;0;0;0
2017-01-07;0;0;0
2017-01-08;0;0;0
2017-01-09;0;0;0
2017-01-10;0;0;0
2017-01-11;0;0;0
2017-01-12;11;11;0
2017-01-13;26;26;0
2017-01-14;31;31;0
2017-01-15;30;30;0
2017-01-16;25;25;0
2017-01-17;30;30;0
2017-01-18;36;36;0
2017-01-19;33;33;0
2017-01-20;56;56;0
2017-01-21;75;75;0
2017-01-22;68;68;0
2017-01-23;57;57;0
2017-01-24;43;43;0
2017-01-25;47;47;0
2017-01-26;40;40;0
2017-01-27;30;30;0
2017-01-28;30;30;0
2017-01-29;34;34;0
2017-01-30;35;29;6
2017-01-31;36;21;15
2017-02-01;47;37;10
2017-02-02;47;47;0
2017-02-03;39;39;0
2017-02-04;20;20;0
2017-02-05;14;14;0
2017-02-06;13;13;0
2017-02-07;13;13;0
2017-02-08;11;11;0
2017-02-09;19;19;0
2017-02-10;24;24;0
2017-02-11;23;23;0
2017-02-12;21;21;0
2017-02-13;19;19;0
2017-02-14;16;16;0
2017-02-15;24;24;0
2017-02-16;19;19;0
2017-02-17;14;14;0
2017-02-18;13;13;0
2017-02-19;27;16;11
2017-02-20;32;27;5
2017-02-21;27;27;0
2017-02-22;29;29;0
2017-02-23;24;24;0
2017-02-24;27;18;9
2017-02-25;32;18;14
2017-02-26;38;26;12
2017-02-27;50;43;7
2017-02-28;58;58;0
2017-03-01;59;59;0
2017-03-02;56;56;0
2017-03-03;39;39;0
2017-03-04;0;0;0
2017-03-05;14;14;0
2017-03-06;0;0;0
2017-03-07;0;0;0
2017-03-08;0;0;0
2017-03-09;0;0;0
2017-03-10;0;0;0
2017-03-11;0;0;0
2017-03-12;0;0;0
2017-03-13;0;0;0
2017-03-14;0;0;0
2017-03-15;0;0;0
2017-03-16;0;0;0
2017-03-17;0;0;0
2017-03-18;0;0;0
2017-03-19;0;0;0
2017-03-20;0;0;0
2017-03-21;13;13;0
2017-03-22;14;14;0
2017-03-23;14;14;0
2017-03-24;14;14;0
2017-03-25;18;18;0
2017-03-26;31;31;0
2017-03-27;52;39;13
2017-03-28;57;37;20
2017-03-29;52;28;24
2017-03-30;49;20;29
2017-03-31;66;26;40
2017-04-01;71;34;37
2017-04-02;83;34;49
2017-04-03;100;43;57
2017-04-04;76;28;48
2017-04-05;50;11;39
2017-04-06;36;0;36
2017-04-07;23;0;23
2017-04-08;0;0;0
2017-04-09;12;12;0
2017-04-10;14;14;0
2017-04-11;14;14;0
2017-04-12;22;22;0
2017-04-13;25;25;0
2017-04-14;19;19;0
2017-04-15;0;0;0
2017-04-16;0;0;0
2017-04-17;0;0;0
2017-04-18;23;23;0
2017-04-19;15;15;0
2017-04-20;28;28;0
2017-04-21;40;29;11
2017-04-22;30;18;12
2017-04-23;43;30;13
2017-04-24;46;34;12
2017-04-25;41;29;12
2017-04-26;38;26;12
2017-04-27;26;14;12
2017-04-28;36;24;12
2017-04-29;34;23;11
2017-04-30;24;13;11
2017-05-01;12;0;12
2017-05-02;29;18;11
2017-05-03;18;18;0
2017-05-04;17;17;0
2017-05-05;31;31;0
2017-05-06;27;27;0
2017-05-07;23;23;0
2017-05-08;11;11;0
2017-05-09;0;0;0
2017-05-10;0;0;0
2017-05-11;11;0;11
2017-05-12;15;15;0
2017-05-13;0;0;0
2017-05-14;0;0;0
2017-05-15;0;0;0
2017-05-16;25;25;0
2017-05-17;12;12;0
2017-05-18;24;12;12
2017-05-19;25;12;13
2017-05-20;30;19;11
2017-05-21;37;25;12
2017-05-22;50;27;23
2017-05-23;55;26;29
2017-05-24;20;20;0
2017-05-25;31;31;0
2017-05-26;25;25;0
2017-05-27;24;24;0
2017-05-28;21;21;0
2017-05-29;14;14;0
2017-05-30;0;0;0
2017-05-31;0;0;0
2017-06-01;15;15;0
2017-06-02;23;23;0
2017-06-03;24;24;0
2017-06-04;25;25;0
2017-06-05;34;34;0
2017-06-06;24;24;0
2017-06-07;14;14;0
2017-06-08;14;14;0
2017-06-09;0;0;0
2017-06-10;0;0;0
2017-06-11;0;0;0
2017-06-12;0;0;0
2017-06-13;11;11;0
2017-06-14;11;11;0
2017-06-15;31;31;0
2017-06-16;30;30;0
2017-06-17;30;30;0
2017-06-18;29;29;0
2017-06-19;27;27;0
2017-06-20;31;31;0
2017-06-21;35;35;0
2017-06-22;24;24;0
2017-06-23;23;23;0
2017-06-24;25;25;0
2017-06-25;18;18;0
2017-06-26;21;21;0
2017-06-27;19;19;0
2017-06-28;16;16;0
2017-06-29;12;12;0
2017-06-30;11;11;0
2017-07-01;23;23;0
2017-07-02;13;13;0
2017-07-03;0;0;0
2017-07-04;0;0;0
2017-07-05;7;0;7
2017-07-06;16;0;16
2017-07-07;26;0;26
2017-07-08;31;0;31
2017-07-09;43;8;35
2017-07-10;45;9;36
2017-07-11;38;0;38
2017-07-12;61;24;37
2017-07-13;59;23;36
2017-07-14;52;20;32
2017-07-15;33;13;20
2017-07-16;21;5;16
2017-07-17;22;9;13
2017-07-18;0;0;0
2017-07-19;0;0;0
2017-07-20;0;0;0
2017-07-21;0;0;0
2017-07-22;0;0;0
2017-07-23;0;0;0
2017-07-24;0;0;0
2017-07-25;12;12;0
2017-07-26;12;12;0
2017-07-27;0;0;0
2017-07-28;11;11;0
2017-07-29;12;12;0
2017-07-30;15;15;0
2017-07-31;0;0;0
2017-08-01;13;0;13
2017-08-02;13;0;13
2017-08-03;13;0;13
2017-08-04;14;0;14
2017-08-05;13;0;13
2017-08-06;13;0;13
2017-08-07;12;0;12
2017-08-08;13;0;13
2017-08-09;12;0;12
2017-08-10;14;0;14
2017-08-11;12;0;12
2017-08-12;13;0;13
2017-08-13;12;0;12
2017-08-14;13;13;0
2017-08-15;22;22;0
2017-08-16;33;33;0
2017-08-17;45;45;0
2017-08-18;45;45;0
2017-08-19;50;50;0
2017-08-20;60;60;0
2017-08-21;63;63;0
2017-08-22;63;63;0
2017-08-23;69;69;0
2017-08-24;54;54;0
2017-08-25;53;53;0
2017-08-26;48;48;0
2017-08-27;38;38;0
2017-08-28;23;23;0
2017-08-29;40;30;10
2017-08-30;51;40;11
2017-08-31;73;47;26
2017-09-01;59;34;25
2017-09-02;56;31;25
2017-09-03;105;51;54
2017-09-04;112;47;65
2017-09-05;119;60;59
2017-09-06;100;63;37
2017-09-07;97;60;37
2017-09-08;88;59;29
2017-09-09;62;41;21
2017-09-10;40;40;0
2017-09-11;29;29;0
2017-09-12;11;11;0
2017-09-13;23;13;10
2017-09-14;12;12;0
2017-09-15;12;12;0
2017-09-16;13;13;0
2017-09-17;14;14;0
2017-09-18;13;13;0
2017-09-19;11;11;0
2017-09-20;21;11;10
2017-09-21;22;11;11
2017-09-22;21;10;11
2017-09-23;12;0;12
2017-09-24;23;0;23
2017-09-25;36;12;24
2017-09-26;39;12;27
2017-09-27;37;12;25
2017-09-28;42;12;30
2017-09-29;42;12;30
2017-09-30;40;13;27
2017-10-01;35;14;21
2017-10-02;25;14;11
2017-10-03;24;13;11
2017-10-04;27;16;11
2017-10-05;26;15;11
2017-10-06;23;12;11
2017-10-07;11;11;0
2017-10-08;11;11;0
2017-10-09;0;0;0
2017-10-10;0;0;0
2017-10-11;0;0;0
2017-10-12;0;0;0
2017-10-13;0;0;0
2017-10-14;11;11;0
2017-10-15;0;0;0
2017-10-16;0;0;0
2017-10-17;0;0;0
2017-10-18;0;0;0
2017-10-19;0;0;0
2017-10-20;0;0;0
2017-10-21;11;0;11
2017-10-22;11;0;11
2017-10-23;23;12;11
2017-10-24;23;12;11
2017-10-25;23;12;11
2017-10-26;23;12;11
2017-10-27;23;12;11
2017-10-28;24;12;12
2017-10-29;23;11;12
2017-10-30;21;11;10
2017-10-31;11;11;0
2017-11-01;0;0;0
2017-11-02;0;0;0
2017-11-03;0;0;0
2017-11-04;0;0;0
2017-11-05;0;0;0
2017-11-06;0;0;0
2017-11-07;0;0;0
2017-11-08;0;0;0
2017-11-09;0;0;0
2017-11-10;0;0;0
2017-11-11;0;0;0
2017-11-12;0;0;0
2017-11-13;0;0;0
2017-11-14;13;0;13
2017-11-15;15;0;15
2017-11-16;16;0;16
2017-11-17;25;10;15
2017-11-18;15;0;15
2017-11-19;0;0;0
2017-11-20;0;0;0
2017-11-21;0;0;0
2017-11-22;0;0;0
2017-11-23;0;0;0
2017-11-24;0;0;0
2017-11-25;15;15;0
2017-11-26;17;17;0
2017-11-27;16;16;0
2017-11-28;15;15;0
2017-11-29;13;13;0
2017-11-30;11;11;0
2017-12-01;0;0;0
2017-12-02;0;0;0
2017-12-03;0;0;0
2017-12-04;0;0;0
2017-12-05;0;0;0
2017-12-06;13;13;0
2017-12-07;11;11;0
2017-12-08;0;0;0
2017-12-09;0;0;0
2017-12-10;11;0;11
2017-12-11;13;0;13
2017-12-12;13;0;13
2017-12-13;0;0;0
2017-12-14;0;0;0
2017-12-15;0;0;0
2017-12-16;0;0;0
2017-12-17;0;0;0
2017-12-18;0;0;0
2017-12-19;11;11;0
2017-12-20;16;16;0
2017-12-21;19;19;0
2017-12-22;25;25;0
2017-12-23;26;26;0
2017-12-24;29;29;0
2017-12-25;24;24;0
2017-12-26;16;16;0
2017-12-27;13;13;0
2017-12-28;0;0;0
2017-12-29;0;0;0
2017-12-30;0;0;0
2017-12-31;13;13;0
2018-01-01;0;0;0
2018-01-02;0;0;0
2018-01-03;0;0;0
2018-01-04;13;13;0
2018-01-05;11;11;0
2018-01-06;11;11;0
2018-01-07;12;12;0
2018-01-08;13;0;13
2018-01-09;16;0;16
2018-01-10;20;0;20
2018-01-11;12;0;12
2018-01-12;0;0;0
2018-01-13;0;0;0
2018-01-14;12;0;12
2018-01-15;13;0;13
2018-01-16;15;0;15
2018-01-17;16;0;16
2018-01-18;12;0;12
2018-01-19;12;0;12
2018-01-20;0;0;0
2018-01-21;0;0;0
2018-01-22;0;0;0
2018-01-23;0;0;0
2018-01-24;0;0;0
2018-01-25;0;0;0
2018-01-26;0;0;0
2018-01-27;0;0;0
2018-01-28;0;0;0
2018-01-29;0;0;0
2018-01-30;11;0;11
2018-01-31;12;0;12
2018-02-01;0;0;0
2018-02-02;0;0;0
2018-02-03;0;0;0
2018-02-04;11;0;11
2018-02-05;13;0;13
2018-02-06;16;0;16
2018-02-07;20;0;20
2018-02-08;22;0;22
2018-02-09;25;0;25
2018-02-10;25;0;25
2018-02-11;28;0;28
2018-02-12;25;0;25
2018-02-13;23;0;23
2018-02-14;20;0;20
2018-02-15;16;0;16
2018-02-16;12;0;12
2018-02-17;0;0;0
2018-02-18;0;0;0
2018-02-19;0;0;0
2018-02-20;0;0;0
2018-02-21;0;0;0
2018-02-22;0;0;0
2018-02-23;0;0;0
2018-02-24;0;0;0
2018-02-25;0;0;0
2018-02-26;16;16;0
2018-02-27;15;15;0
2018-02-28;12;12;0
2018-03-01;12;12;0
2018-03-02;11;11;0
2018-03-03;0;0;0
2018-03-04;0;0;0
2018-03-05;0;0;0
2018-03-06;0;0;0
2018-03-07;0;0;0
2018-03-08;0;0;0
2018-03-09;0;0;0
2018-03-10;0;0;0
2018-03-11;0;0;0
2018-03-12;0;0;0
2018-03-13;0;0;0
2018-03-14;0;0;0
2018-03-15;0;0;0
2018-03-16;0;0;0
2018-03-17;14;14;0
2018-03-18;14;14;0
2018-03-19;0;0;0
2018-03-20;0;0;0
2018-03-21;0;0;0
2018-03-22;0;0;0
2018-03-23;0;0;0
2018-03-24;0;0;0
2018-03-25;0;0;0
2018-03-26;0;0;0
2018-03-27;0;0;0
2018-03-28;0;0;0
2018-03-29;0;0;0
2018-03-30;12;0;12
2018-03-31;13;0;13
2018-04-01;11;0;11
2018-04-02;0;0;0
2018-04-03;0;0;0
2018-04-04;0;0;0
2018-04-05;0;0;0
2018-04-06;0;0;0
2018-04-07;0;0;0
2018-04-08;0;0;0
2018-04-09;0;0;0
2018-04-10;12;0;12
2018-04-11;0;0;0
2018-04-12;13;13;0
2018-04-13;16;16;0
2018-04-14;11;11;0
2018-04-15;13;13;0
2018-04-16;12;12;0
2018-04-17;11;11;0
2018-04-18;0;0;0
2018-04-19;13;13;0
2018-04-20;16;16;0
2018-04-21;27;19;8
2018-04-22;22;22;0
2018-04-23;23;23;0
2018-04-24;21;21;0
2018-04-25;18;18;0
2018-04-26;15;15;0
2018-04-27;14;14;0
2018-04-28;0;0;0
2018-04-29;0;0;0
2018-04-30;0;0;0
2018-05-01;0;0;0
2018-05-02;0;0;0
2018-05-03;0;0;0
2018-05-04;13;0;13
2018-05-05;14;0;14
2018-05-06;15;0;15
2018-05-07;14;0;14
2018-05-08;20;9;11
2018-05-09;23;12;11
2018-05-10;11;11;0
2018-05-11;11;11;0
2018-05-12;13;13;0
2018-05-13;12;12;0
2018-05-14;0;0;0
2018-05-15;0;0;0
2018-05-16;0;0;0
2018-05-17;0;0;0
2018-05-18;0;0;0
2018-05-19;0;0;0
2018-05-20;0;0;0
2018-05-21;12;12;0
2018-05-22;13;13;0
2018-05-23;27;27;0
2018-05-24;33;33;0
2018-05-25;30;30;0
2018-05-26;27;27;0
2018-05-27;33;24;9
2018-05-28;20;20;0
2018-05-29;23;23;0
2018-05-30;21;21;0
2018-05-31;22;22;0
2018-06-01;22;22;0
2018-06-02;21;21;0
2018-06-03;13;13;0
2018-06-04;0;0;0
2018-06-05;0;0;0
2018-06-06;11;11;0
2018-06-07;10;10;0
2018-06-08;0;0;0
2018-06-09;0;0;0
2018-06-10;0;0;0
2018-06-11;0;0;0
2018-06-12;11;11;0
2018-06-13;15;15;0
2018-06-14;15;15;0
2018-06-15;14;14;0
2018-06-16;14;14;0
2018-06-17;14;14;0
2018-06-18;29;29;0
2018-06-19;33;33;0
2018-06-20;56;56;0
2018-06-21;48;48;0
2018-06-22;41;41;0
2018-06-23;37;37;0
2018-06-24;19;19;0
2018-06-25;16;16;0
2018-06-26;14;14;0
2018-06-27;14;14;0
2018-06-28;0;0;0
2018-06-29;0;0;0
2018-06-30;0;0;0
2018-07-01;0;0;0
2018-07-02;0;0;0
2018-07-03;0;0;0
2018-07-04;0;0;0
2018-07-05;0;0;0
2018-07-06;0;0;0
2018-07-07;0;0;0
2018-07-08;0;0;0
2018-07-09;0;0;0
2018-07-10;0;0;0
2018-07-11;0;0;0
2018-07-12;0;0;0
2018-07-13;13;13;0
2018-07-14;12;12;0
2018-07-15;12;12;0
2018-07-16;0;0;0
2018-07-17;0;0;0
2018-07-18;0;0;0
2018-07-19;0;0;0
2018-07-20;0;0;0
2018-07-21;12;12;0
2018-07-22;0;0;0
2018-07-23;0;0;0
2018-07-24;0;0;0
2018-07-25;0;0;0
2018-07-26;0;0;0
2018-07-27;0;0;0
2018-07-28;0;0;0
2018-07-29;0;0;0
2018-07-30;0;0;0
2018-07-31;0;0;0
2018-08-01;12;0;12
2018-08-02;11;0;11
2018-08-03;0;0;0
2018-08-04;0;0;0
2018-08-05;0;0;0
2018-08-06;0;0;0
2018-08-07;0;0;0
2018-08-08;0;0;0
2018-08-09;0;0;0
2018-08-10;0;0;0
2018-08-11;0;0;0
2018-08-12;0;0;0
2018-08-13;0;0;0
2018-08-14;12;0;12
2018-08-15;13;0;13
2018-08-16;13;0;13
2018-08-17;12;0;12
2018-08-18;11;0;11
2018-08-19;14;0;14
2018-08-20;16;0;16
2018-08-21;16;0;16
2018-08-22;12;0;12
2018-08-23;15;0;15
2018-08-24;29;13;16
2018-08-25;32;17;15
2018-08-26;28;15;13
2018-08-27;13;13;0
2018-08-28;11;11;0
2018-08-29;0;0;0
2018-08-30;0;0;0
2018-08-31;0;0;0
2018-09-01;0;0;0
2018-09-02;0;0;0
2018-09-03;0;0;0
2018-09-04;0;0;0
2018-09-05;0;0;0
2018-09-06;0;0;0
2018-09-07;0;0;0
2018-09-08;16;16;0
2018-09-09;14;14;0
2018-09-10;12;12;0
2018-09-11;16;0;16
2018-09-12;14;0;14
2018-09-13;0;0;0
2018-09-14;0;0;0
2018-09-15;0;0;0
2018-09-16;0;0;0
2018-09-17;13;0;13
2018-09-18;0;0;0
2018-09-19;0;0;0
2018-09-20;0;0;0
2018-09-21;0;0;0
2018-09-22;0;0;0
2018-09-23;0;0;0
2018-09-24;0;0;0
2018-09-25;0;0;0
2018-09-26;0;0;0
2018-09-27;0;0;0
2018-09-28;0;0;0
2018-09-29;0;0;0
2018-09-30;15;0;15
2018-10-01;17;0;17
2018-10-02;14;0;14
2018-10-03;12;0;12
2018-10-04;11;0;11
2018-10-05;0;0;0
2018-10-06;0;0;0
2018-10-07;0;0;0
2018-10-08;0;0;0
2018-10-09;0;0;0
2018-10-10;0;0;0
2018-10-11;5;0;5
2018-10-12;13;2;11
2018-10-13;26;0;26
2018-10-14;23;0;23
2018-10-15;17;0;17
2018-10-16;0;0;0
2018-10-17;11;0;11
2018-10-18;0;0;0
2018-10-19;0;0;0
2018-10-20;0;0;0
2018-10-21;4;0;4
2018-10-22;0;0;0
2018-10-23;0;0;0
2018-10-24;0;0;0
2018-10-25;0;0;0
2018-10-26;0;0;0
2018-10-27;0;0;0
2018-10-28;0;0;0
2018-10-29;0;0;0
2018-10-30;0;0;0
2018-10-31;0;0;0
2018-11-01;0;0;0
2018-11-02;0;0;0
2018-11-03;0;0;0
2018-11-04;0;0;0
2018-11-05;0;0;0
2018-11-06;0;0;0
2018-11-07;0;0;0
2018-11-08;5;5;0
2018-11-09;11;11;0
2018-11-10;3;3;0
2018-11-11;0;0;0
2018-11-12;15;15;0
2018-11-13;11;11;0
2018-11-14;11;11;0
2018-11-15;13;13;0
2018-11-16;15;15;0
2018-11-17;15;15;0
2018-11-18;14;14;0
2018-11-19;12;12;0
2018-11-20;0;0;0
2018-11-21;0;0;0
2018-11-22;0;0;0
2018-11-23;0;0;0
2018-11-24;9;9;0
2018-11-25;11;11;0
2018-11-26;3;3;0
2018-11-27;0;0;0
2018-11-28;0;0;0
2018-11-29;0;0;0
2018-11-30;0;0;0
2018-12-01;0;0;0
2018-12-02;0;0;0
2018-12-03;0;0;0
2018-12-04;0;0;0
2018-12-05;17;0;17
2018-12-06;21;0;21
2018-12-07;18;0;18
2018-12-08;5;0;5
2018-12-09;0;0;0
2018-12-10;0;0;0
2018-12-11;13;13;0
2018-12-12;0;0;0
2018-12-13;0;0;0
2018-12-14;11;11;0
2018-12-15;12;12;0
2018-12-16;0;0;0
2018-12-17;0;0;0
2018-12-18;0;0;0
2018-12-19;0;0;0
2018-12-20;0;0;0
2018-12-21;0;0;0
2018-12-22;0;0;0
2018-12-23;0;0;0
2018-12-24;0;0;0
2018-12-25;0;0;0
2018-12-26;0;0;0
2018-12-27;0;0;0
2018-12-28;0;0;0
2018-12-29;0;0;0
2018-12-30;0;0;0
2018-12-31;0;0;0
2019-01-01;12;12;0
2019-01-02;15;15;0
2019-01-03;15;15;0
2019-01-04;13;13;0
2019-01-05;11;11;0
2019-01-06;0;0;0
2019-01-07;0;0;0
2019-01-08;0;0;0
2019-01-09;0;0;0
2019-01-10;0;0;0
2019-01-11;0;0;0
2019-01-12;0;0;0
2019-01-13;0;0;0
2019-01-14;0;0;0
2019-01-15;0;0;0
2019-01-16;0;0;0
2019-01-17;0;0;0
2019-01-18;0;0;0
2019-01-19;0;0;0
2019-01-20;0;0;0
2019-01-21;10;10;0
2019-01-22;16;16;0
2019-01-23;19;19;0
2019-01-24;21;21;0
2019-01-25;22;22;0
2019-01-26;26;26;0
2019-01-27;19;19;0
2019-01-28;16;16;0
2019-01-29;13;13;0
2019-01-30;11;11;0
2019-01-31;0;0;0
2019-02-01;0;0;0
2019-02-02;0;0;0
2019-02-03;0;0;0
2019-02-04;0;0;0
2019-02-05;0;0;0
2019-02-06;0;0;0
2019-02-07;0;0;0
2019-02-08;0;0;0
2019-02-09;0;0;0
2019-02-10;0;0;0
2019-02-11;0;0;0
2019-02-12;0;0;0
2019-02-13;12;0;12
2019-02-14;0;0;0
2019-02-15;0;0;0
2019-02-16;0;0;0
2019-02-17;0;0;0
2019-02-18;0;0;0
2019-02-19;0;0;0
2019-02-20;0;0;0
2019-02-21;11;11;0
2019-02-22;0;0;0
2019-02-23;0;0;0
2019-02-24;0;0;0
2019-02-25;0;0;0
2019-02-26;0;0;0
2019-02-27;0;0;0
2019-02-28;0;0;0
2019-03-01;0;0;0
2019-03-02;0;0;0
2019-03-03;0;0;0
2019-03-04;0;0;0
2019-03-05;14;14;0
2019-03-06;18;18;0
2019-03-07;16;16;0
2019-03-08;11;11;0
2019-03-09;11;11;0
2019-03-10;11;11;0
2019-03-11;11;11;0
2019-03-12;11;11;0
2019-03-13;0;0;0
2019-03-14;12;12;0
2019-03-15;0;0;0
2019-03-16;0;0;0
2019-03-17;0;0;0
2019-03-18;13;13;0
2019-03-19;15;15;0
2019-03-20;32;32;0
2019-03-21;38;38;0
2019-03-22;30;30;0
2019-03-23;22;22;0
2019-03-24;14;14;0
2019-03-25;0;0;0
2019-03-26;0;0;0
2019-03-27;0;0;0
2019-03-28;0;0;0
2019-03-29;0;0;0
2019-03-30;0;0;0
2019-03-31;13;13;0
2019-04-01;14;14;0
2019-04-02;17;17;0
2019-04-03;19;19;0
2019-04-04;11;11;0
2019-04-05;5;5;0
2019-04-06;0;0;0
2019-04-07;11;11;0
2019-04-08;12;12;0
2019-04-09;12;12;0
2019-04-10;13;13;0
2019-04-11;12;12;0
2019-04-12;13;13;0
2019-04-13;16;16;0
2019-04-14;14;14;0
2019-04-15;12;12;0
2019-04-16;11;11;0
2019-04-17;16;16;0
2019-04-18;24;24;0
2019-04-19;24;24;0
2019-04-20;11;11;0
2019-04-21;5;5;0
2019-04-22;0;0;0
2019-04-23;0;0;0
2019-04-24;0;0;0
2019-04-25;0;0;0
2019-04-26;0;0;0
2019-04-27;0;0;0
2019-04-28;0;0;0
2019-04-29;0;0;0
2019-04-30;0;0;0
2019-05-01;0;0;0
2019-05-02;0;0;0
2019-05-03;0;0;0
2019-05-04;12;12;0
2019-05-05;12;12;0
2019-05-06;16;16;0
2019-05-07;26;26;0
2019-05-08;25;25;0
2019-05-09;26;26;0
2019-05-10;26;26;0
2019-05-11;27;27;0
2019-05-12;26;26;0
2019-05-13;24;24;0
2019-05-14;24;24;0
2019-05-15;18;18;0
2019-05-16;13;13;0
2019-05-17;13;13;0
2019-05-18;12;12;0
2019-05-19;0;0;0
2019-05-20;0;0;0
2019-05-21;0;0;0
2019-05-22;0;0;0
2019-05-23;0;0;0
2019-05-24;0;0;0
2019-05-25;0;0;0
2019-05-26;0;0;0
2019-05-27;0;0;0
2019-05-28;0;0;0
2019-05-29;7;7;0
2019-05-30;0;0;0
2019-05-31;0;0;0
2019-06-01;0;0;0
2019-06-02;0;0;0
2019-06-03;0;0;0
2019-06-04;0;0;0
2019-06-05;0;0;0
2019-06-06;0;0;0
2019-06-07;0;0;0
2019-06-08;0;0;0
2019-06-09;0;0;0
2019-06-10;0;0;0
2019-06-11;0;0;0
2019-06-12;0;0;0
2019-06-13;0;0;0
2019-06-14;0;0;0
2019-06-15;0;0;0
2019-06-16;0;0;0
2019-06-17;0;0;0
2019-06-18;0;0;0
2019-06-19;0;0;0
2019-06-20;0;0;0
2019-06-21;0;0;0
2019-06-22;0;0;0
2019-06-23;0;0;0
2019-06-24;11;11;0
2019-06-25;12;12;0
2019-06-26;7;7;0
2019-06-27;0;0;0
2019-06-28;0;0;0
2019-06-29;5;5;0
2019-06-30;0;0;0
2019-07-01;5;0;5
2019-07-02;0;0;0
2019-07-03;0;0;0
2019-07-04;0;0;0
2019-07-05;0;0;0
2019-07-06;0;0;0
2019-07-07;9;0;9
2019-07-08;5;0;5
2019-07-09;0;0;0
2019-07-10;0;0;0
2019-07-11;0;0;0
2019-07-12;0;0;0
2019-07-13;0;0;0
2019-07-14;0;0;0
2019-07-15;0;0;0
2019-07-16;0;0;0
2019-07-17;0;0;0
2019-07-18;0;0;0
2019-07-19;0;0;0
2019-07-20;0;0;0
2019-07-21;0;0;0
2019-07-22;8;8;0
2019-07-23;0;0;0
2019-07-24;0;0;0
2019-07-25;0;0;0
2019-07-26;0;0;0
2019-07-27;0;0;0
2019-07-28;0;0;0
2019-07-29;0;0;0
2019-07-30;0;0;0
2019-07-31;0;0;0
2019-08-01;0;0;0
2019-08-02;0;0;0
2019-08-03;0;0;0
2019-08-04;0;0;0
2019-08-05;8;0;8
2019-08-06;0;0;0
2019-08-07;7;7;0
2019-08-08;0;0;0
2019-08-09;0;0;0
2019-08-10;0;0;0
2019-08-11;0;0;0
2019-08-12;0;0;0
2019-08-13;0;0;0
2019-08-14;0;0;0
2019-08-15;0;0;0
2019-08-16;0;0;0
2019-08-17;0;0;0
2019-08-18;0;0;0
2019-08-19;0;0;0
2019-08-20;0;0;0
2019-08-21;0;0;0
2019-08-22;0;0;0
2019-08-23;0;0;0
2019-08-24;0;0;0
2019-08-25;0;0;0
2019-08-26;0;0;0
2019-08-27;0;0;0
2019-08-28;0;0;0
2019-08-29;0;0;0
2019-08-30;0;0;0
2019-08-31;0;0;0
2019-09-01;14;14;0
2019-09-02;14;14;0
2019-09-03;5;5;0
2019-09-04;0;0;0
2019-09-05;0;0;0
2019-09-06;0;0;0
2019-09-07;0;0;0
2019-09-08;0;0;0
2019-09-09;0;0;0
2019-09-10;0;0;0
2019-09-11;0;0;0
2019-09-12;0;0;0
2019-09-13;0;0;0
2019-09-14;0;0;0
2019-09-15;0;0;0
2019-09-16;0;0;0
2019-09-17;0;0;0
2019-09-18;0;0;0
2019-09-19;0;0;0
2019-09-20;0;0;0
2019-09-21;0;0;0
2019-09-22;0;0;0
2019-09-23;0;0;0
2019-09-24;0;0;0
2019-09-25;0;0;0
2019-09-26;0;0;0
2019-09-27;0;0;0
2019-09-28;0;0;0
2019-09-29;0;0;0
2019-09-30;0;0;0
2019-10-01;6;0;6
2019-10-02;6;0;6
2019-10-03;0;0;0
2019-10-04;0;0;0
2019-10-05;0;0;0
2019-10-06;0;0;0
2019-10-07;0;0;0
2019-10-08;0;0;0
2019-10-09;0;0;0
2019-10-10;0;0;0
2019-10-11;0;0;0
2019-10-12;0;0;0
2019-10-13;0;0;0
2019-10-14;0;0;0
2019-10-15;0;0;0
2019-10-16;0;0;0
2019-10-17;0;0;0
2019-10-18;0;0;0
2019-10-19;0;0;0
2019-10-20;0;0;0
2019-10-21;0;0;0
2019-10-22;0;0;0
2019-10-23;0;0;0
2019-10-24;0;0;0
2019-10-25;0;0;0
2019-10-26;0;0;0
2019-10-27;0;0;0
2019-10-28;0;0;0
2019-10-29;0;0;0
2019-10-30;0;0;0
2019-10-31;0;0;0
2019-11-01;7;0;7
2019-11-02;0;0;0
2019-11-03;0;0;0
2019-11-04;4;4;0
2019-11-05;0;0;0
2019-11-06;0;0;0
2019-11-07;0;0;0
2019-11-08;0;0;0
2019-11-09;0;0;0
2019-11-10;0;0;0
2019-11-11;0;0;0
2019-11-12;0;0;0
2019-11-13;3;0;3
2019-11-14;0;0;0
2019-11-15;0;0;0
2019-11-16;0;0;0
2019-11-17;0;0;0
2019-11-18;0;0;0
2019-11-19;0;0;0
2019-11-20;0;0;0
2019-11-21;0;0;0
2019-11-22;0;0;0
2019-11-23;0;0;0
2019-11-24;0;0;0
2019-11-25;0;0;0
2019-11-26;0;0;0
2019-11-27;0;0;0
2019-11-28;0;0;0
2019-11-29;0;0;0
2019-11-30;0;0;0
2019-12-01;0;0;0
2019-12-02;0;0;0
2019-12-03;0;0;0
2019-12-04;0;0;0
2019-12-05;0;0;0
2019-12-06;0;0;0
2019-12-07;0;0;0
2019-12-08;0;0;0
2019-12-09;0;0;0
2019-12-10;0;0;0
2019-12-11;0;0;0
2019-12-12;0;0;0
2019-12-13;0;0;0
2019-12-14;0;0;0
2019-12-15;0;0;0
2019-12-16;0;0;0
2019-12-17;0;0;0
2019-12-18;0;0;0
2019-12-19;0;0;0
2019-12-20;0;0;0
2019-12-21;0;0;0
2019-12-22;0;0;0
2019-12-23;0;0;0
2019-12-24;16;4;12
2019-12-25;23;11;12
2019-12-26;8;0;8
2019-12-27;0;0;0
2019-12-28;0;0;0
2019-12-29;0;0;0
2019-12-30;0;0;0
2019-12-31;0;0;0
2020-01-01;6;0;6
2020-01-02;12;0;12
2020-01-03;13;0;13
2020-01-04;12;0;12
2020-01-05;14;0;14
2020-01-06;7;0;7
2020-01-07;4;0;4
2020-01-08;4;4;0
2020-01-09;15;15;0
2020-01-10;4;4;0
2020-01-11;0;0;0
2020-01-12;0;0;0
2020-01-13;0;0;0
2020-01-14;0;0;0
2020-01-15;0;0;0
2020-01-16;0;0;0
2020-01-17;0;0;0
2020-01-18;0;0;0
2020-01-19;0;0;0
2020-01-20;0;0;0
2020-01-21;0;0;0
2020-01-22;0;0;0
2020-01-23;0;0;0
2020-01-24;8;8;0
2020-01-25;12;12;0
2020-01-26;19;19;0
2020-01-27;14;14;0
2020-01-28;12;12;0
2020-01-29;12;12;0
2020-01-30;12;12;0
2020-01-31;12;12;0
2020-02-01;6;6;0
2020-02-02;0;0;0
2020-02-03;0;0;0
2020-02-04;0;0;0
2020-02-05;0;0;0
2020-02-06;0;0;0
2020-02-07;0;0;0
2020-02-08;0;0;0
2020-02-09;0;0;0
2020-02-10;0;0;0
2020-02-11;0;0;0
2020-02-12;0;0;0
2020-02-13;0;0;0
2020-02-14;0;0;0
2020-02-15;0;0;0
2020-02-16;0;0;0
2020-02-17;0;0;0
2020-02-18;0;0;0
2020-02-19;0;0;0
2020-02-20;0;0;0
2020-02-21;0;0;0
2020-02-22;0;0;0
2020-02-23;0;0;0
2020-02-24;0;0;0
2020-02-25;0;0;0
2020-02-26;0;0;0
2020-02-27;0;0;0
2020-02-28;0;0;0
2020-02-29;0;0;0
2020-03-01;0;0;0
2020-03-02;0;0;0
2020-03-03;0;0;0
2020-03-04;0;0;0
2020-03-05;0;0;0
2020-03-06;0;0;0
2020-03-07;2;0;2
2020-03-08;16;0;16
2020-03-09;11;0;11
2020-03-10;0;0;0
2020-03-11;0;0;0
2020-03-12;0;0;0
2020-03-13;0;0;0
2020-03-14;0;0;0
2020-03-15;0;0;0
2020-03-16;0;0;0
2020-03-17;0;0;0
2020-03-18;3;3;0
2020-03-19;0;0;0
2020-03-20;0;0;0
2020-03-21;0;0;0
2020-03-22;0;0;0
2020-03-23;0;0;0
2020-03-24;0;0;0
2020-03-25;0;0;0
2020-03-26;0;0;0
2020-03-27;0;0;0
2020-03-28;0;0;0
2020-03-29;0;0;0
2020-03-30;3;3;0
2020-03-31;11;11;0
2020-04-01;13;13;0
2020-04-02;13;13;0
2020-04-03;13;13;0
2020-04-04;13;13;0
2020-04-05;0;0;0
2020-04-06;0;0;0
2020-04-07;0;0;0
2020-04-08;0;0;0
2020-04-09;0;0;0
2020-04-10;0;0;0
2020-04-11;0;0;0
2020-04-12;0;0;0
2020-04-13;0;0;0
2020-04-14;0;0;0
2020-04-15;0;0;0
2020-04-16;0;0;0
2020-04-17;0;0;0
2020-04-18;0;0;0
2020-04-19;0;0;0
2020-04-20;0;0;0
2020-04-21;0;0;0
2020-04-22;0;0;0
2020-04-23;0;0;0
2020-04-24;0;0;0
2020-04-25;6;0;6
2020-04-26;13;0;13
2020-04-27;26;0;26
2020-04-28;15;0;15
2020-04-29;24;12;12
2020-04-30;20;8;12
2020-05-01;4;0;4
2020-05-02;0;0;0
2020-05-03;0;0;0
2020-05-04;0;0;0
2020-05-05;0;0;0
2020-05-06;0;0;0
2020-05-07;0;0;0
2020-05-08;0;0;0
2020-05-09;0;0;0
2020-05-10;0;0;0
2020-05-11;0;0;0
2020-05-12;0;0;0
2020-05-13;0;0;0
2020-05-14;0;0;0
2020-05-15;0;0;0
2020-05-16;0;0;0
2020-05-17;0;0;0
2020-05-18;0;0;0
2020-05-19;0;0;0
2020-05-20;0;0;0
2020-05-21;0;0;0
2020-05-22;0;0;0
2020-05-23;0;0;0
2020-05-24;0;0;0
2020-05-25;0;0;0
2020-05-26;0;0;0
2020-05-27;0;0;0
2020-05-28;0;0;0
2020-05-29;0;0;0
2020-05-30;0;0;0
2020-05-31;2;2;0
2020-06-01;6;6;0
2020-06-02;0;0;0
2020-06-03;9;0;9
2020-06-04;11;0;11
2020-06-05;13;0;13
2020-06-06;16;0;16
2020-06-07;16;0;16
2020-06-08;16;0;16
2020-06-09;14;0;14
2020-06-10;12;0;12
2020-06-11;11;0;11
2020-06-12;11;0;11
2020-06-13;11;0;11
2020-06-14;11;0;11
2020-06-15;8;0;8
2020-06-16;0;0;0
2020-06-17;0;0;0
2020-06-18;0;0;0
2020-06-19;0;0;0
2020-06-20;0;0;0
2020-06-21;0;0;0
2020-06-22;0;0;0
2020-06-23;0;0;0
2020-06-24;0;0;0
2020-06-25;0;0;0
2020-06-26;6;6;0
2020-06-27;4;0;4
2020-06-28;0;0;0
2020-06-29;0;0;0
2020-06-30;0;0;0
2020-07-01;4;0;4
2020-07-02;2;0;2
2020-07-03;0;0;0
2020-07-04;7;7;0
2020-07-05;5;5;0
2020-07-06;5;5;0
2020-07-07;8;8;0
2020-07-08;0;0;0
2020-07-09;0;0;0
2020-07-10;0;0;0
2020-07-11;0;0;0
2020-07-12;0;0;0
2020-07-13;0;0;0
2020-07-14;0;0;0
2020-07-15;2;0;2
2020-07-16;0;0;0
2020-07-17;0;0;0
2020-07-18;0;0;0
2020-07-19;0;0;0
2020-07-20;0;0;0
2020-07-21;6;0;6
2020-07-22;11;0;11
2020-07-23;11;0;11
2020-07-24;11;0;11
2020-07-25;11;0;11
2020-07-26;11;0;11
2020-07-27;11;0;11
2020-07-28;20;10;10
2020-07-29;21;10;11
2020-07-30;21;11;10
2020-07-31;21;11;10
2020-08-01;26;15;11
2020-08-02;15;6;9
2020-08-03;11;11;0
2020-08-04;11;11;0
2020-08-05;12;12;0
2020-08-06;14;14;0
2020-08-07;17;14;3
2020-08-08;12;12;0
2020-08-09;13;13;0
2020-08-10;13;13;0
2020-08-11;12;12;0
2020-08-12;17;10;7
2020-08-13;10;0;10
2020-08-14;5;5;0
2020-08-15;0;0;0
2020-08-16;0;0;0
2020-08-17;0;0;0
2020-08-18;13;13;0
2020-08-19;16;16;0
2020-08-20;12;12;0
2020-08-21;3;3;0
2020-08-22;0;0;0
2020-08-23;0;0;0
2020-08-24;0;0;0
2020-08-25;0;0;0
2020-08-26;0;0;0
2020-08-27;0;0;0
2020-08-28;0;0;0
2020-08-29;0;0;0
2020-08-30;0;0;0
2020-08-31;0;0;0
2020-09-01;0;0;0
2020-09-02;0;0;0
2020-09-03;0;0;0
2020-09-04;0;0;0
2020-09-05;0;0;0
2020-09-06;0;0;0
2020-09-07;0;0;0
2020-09-08;0;0;0
2020-09-09;0;0;0
2020-09-10;0;0;0
2020-09-11;0;0;0
2020-09-12;0;0;0
2020-09-13;0;0;0
2020-09-14;2;2;0
2020-09-15;0;0;0
2020-09-16;0;0;0
2020-09-17;0;0;0
2020-09-18;0;0;0
2020-09-19;0;0;0
2020-09-20;0;0;0
2020-09-21;0;0;0
2020-09-22;0;0;0
2020-09-23;7;7;0
2020-09-24;5;3;2
2020-09-25;4;4;0
2020-09-26;0;0;0
2020-09-27;0;0;0
2020-09-28;0;0;0
2020-09-29;0;0;0
2020-09-30;0;0;0
2020-10-01;0;0;0
2020-10-02;0;0;0
2020-10-03;0;0;0
2020-10-04;0;0;0
2020-10-05;0;0;0
2020-10-06;0;0;0
2020-10-07;0;0;0
2020-10-08;6;0;6
2020-10-09;20;0;20
2020-10-10;18;0;18
2020-10-11;20;0;20
2020-10-12;14;0;14
2020-10-13;0;0;0
2020-10-14;4;0;4
2020-10-15;13;0;13
2020-10-16;13;0;13
2020-10-17;14;0;14
2020-10-18;21;0;21
2020-10-19;17;0;17
2020-10-20;14;0;14
2020-10-21;14;2;12
2020-10-22;12;0;12
2020-10-23;17;7;10
2020-10-24;18;6;12
2020-10-25;19;0;19
2020-10-26;22;0;22
2020-10-27;41;9;32
2020-10-28;35;0;35
2020-10-29;42;0;42
2020-10-30;34;0;34
2020-10-31;26;0;26
2020-11-01;5;0;5
2020-11-02;9;9;0
2020-11-03;16;0;16
2020-11-04;26;0;26
2020-11-05;31;4;27
2020-11-06;41;13;28
2020-11-07;38;4;34
2020-11-08;44;13;31
2020-11-09;29;0;29
2020-11-10;29;0;29
2020-11-11;29;0;29
2020-11-12;32;0;32
2020-11-13;26;0;26
2020-11-14;20;0;20
2020-11-15;5;0;5
2020-11-16;0;0;0
2020-11-17;10;0;10
2020-11-18;13;0;13
2020-11-19;13;0;13
2020-11-20;13;0;13
2020-11-21;26;14;12
2020-11-22;34;15;19
2020-11-23;48;5;43
2020-11-24;44;0;44
2020-11-25;53;0;53
2020-11-26;58;0;58
2020-11-27;75;5;70
2020-11-28;86;9;77
2020-11-29;96;12;84
2020-11-30;87;12;75
2020-12-01;56;0;56
2020-12-02;48;0;48
2020-12-03;45;0;45
2020-12-04;41;0;41
2020-12-05;37;0;37
2020-12-06;25;0;25
2020-12-07;21;0;21
2020-12-08;14;0;14
2020-12-09;14;0;14
2020-12-10;12;0;12
2020-12-11;12;0;12
2020-12-12;11;0;11
2020-12-13;11;0;11
2020-12-14;13;0;13
2020-12-15;20;0;20
2020-12-16;14;0;14
2020-12-17;13;0;13
2020-12-18;7;0;7
2020-12-19;0;0;0
2020-12-20;0;0;0
2020-12-21;12;0;12
2020-12-22;12;0;12
2020-12-23;24;0;24
2020-12-24;28;0;28
2020-12-25;31;0;31
2020-12-26;35;0;35
2020-12-27;33;0;33
2020-12-28;30;0;30
2020-12-29;32;0;32
2020-12-30;32;0;32
2020-12-31;34;1;33
2021-01-01;24;0;24
2021-01-02;17;0;17
2021-01-03;0;0;0
2021-01-04;0;0;0
2021-01-05;0;0;0
2021-01-06;0;0;0
2021-01-07;0;0;0
2021-01-08;0;0;0
2021-01-09;0;0;0
2021-01-10;0;0;0
2021-01-11;0;0;0
2021-01-12;0;0;0
2021-01-13;0;0;0
2021-01-14;3;0;3
2021-01-15;14;0;14
2021-01-16;12;0;12
2021-01-17;14;0;14
2021-01-18;12;0;12
2021-01-19;20;0;20
2021-01-20;21;0;21
2021-01-21;25;0;25
2021-01-22;35;10;25
2021-01-23;32;10;22
2021-01-24;23;9;14
2021-01-25;27;14;13
2021-01-26;17;5;12
2021-01-27;20;9;11
2021-01-28;7;7;0
2021-01-29;0;0;0
2021-01-30;0;0;0
2021-01-31;0;0;0
2021-02-01;0;0;0
2021-02-02;9;9;0
2021-02-03;7;7;0
2021-02-04;0;0;0
2021-02-05;0;0;0
2021-02-06;0;0;0
2021-02-07;0;0;0
2021-02-08;2;0;2
2021-02-09;2;0;2
2021-02-10;0;0;0
2021-02-11;0;0;0
2021-02-12;0;0;0
2021-02-13;0;0;0
2021-02-14;0;0;0
2021-02-15;0;0;0
2021-02-16;0;0;0
2021-02-17;0;0;0
2021-02-18;10;10;0
2021-02-19;9;9;0
2021-02-20;9;9;0
2021-02-21;10;10;0
2021-02-22;16;12;4
2021-02-23;36;18;18
2021-02-24;38;22;16
2021-02-25;34;22;12
2021-02-26;18;18;0
2021-02-27;17;17;0
2021-02-28;13;13;0
2021-03-01;10;0;10
2021-03-02;16;0;16
2021-03-03;35;0;35
2021-03-04;30;0;30
2021-03-05;13;0;13
2021-03-06;7;0;7
2021-03-07;21;0;21
2021-03-08;14;0;14
2021-03-09;15;9;6
2021-03-10;17;11;6
2021-03-11;22;11;11
2021-03-12;14;14;0
2021-03-13;11;11;0
2021-03-14;23;11;12
2021-03-15;24;7;17
2021-03-16;19;19;0
2021-03-17;13;13;0
2021-03-18;13;13;0
2021-03-19;13;13;0
2021-03-20;11;11;0
2021-03-21;8;8;0
2021-03-22;22;22;0
2021-03-23;27;27;0
2021-03-24;30;30;0
2021-03-25;27;27;0
2021-03-26;25;25;0
2021-03-27;19;19;0
2021-03-28;12;12;0
2021-03-29;12;12;0
2021-03-30;9;9;0
2021-03-31;0;0;0
2021-04-01;0;0;0
2021-04-02;0;0;0
2021-04-03;4;4;0
2021-04-04;12;12;0
2021-04-05;11;11;0
2021-04-06;6;6;0
2021-04-07;0;0;0
2021-04-08;0;0;0
2021-04-09;0;0;0
2021-04-10;0;0;0
2021-04-11;10;0;10
2021-04-12;14;0;14
2021-04-13;19;0;19
2021-04-14;21;0;21
2021-04-15;25;0;25
2021-04-16;35;0;35
2021-04-17;15;0;15
2021-04-18;18;0;18
2021-04-19;36;17;19
2021-04-20;57;27;30
2021-04-21;46;16;30
2021-04-22;44;12;32
2021-04-23;37;4;33
2021-04-24;54;8;46
2021-04-25;55;3;52
2021-04-26;50;0;50
2021-04-27;55;0;55
2021-04-28;46;0;46
2021-04-29;37;0;37
2021-04-30;28;0;28
2021-05-01;10;0;10
2021-05-02;0;0;0
2021-05-03;0;0;0
2021-05-04;0;0;0
2021-05-05;0;0;0
2021-05-06;0;0;0
2021-05-07;10;10;0
2021-05-08;17;17;0
2021-05-09;20;20;0
2021-05-10;34;20;14
2021-05-11;32;19;13
2021-05-12;33;20;13
2021-05-13;30;17;13
2021-05-14;26;15;11
2021-05-15;28;19;9
2021-05-16;13;13;0
2021-05-17;14;14;0
2021-05-18;28;28;0
2021-05-19;27;27;0
2021-05-20;20;14;6
2021-05-21;14;14;0
2021-05-22;19;19;0
2021-05-23;27;27;0
2021-05-24;31;31;0
2021-05-25;41;41;0
2021-05-26;41;41;0
2021-05-27;41;41;0
2021-05-28;31;31;0
2021-05-29;15;15;0
2021-05-30;26;19;7
2021-05-31;30;21;9
2021-06-01;22;19;3
2021-06-02;29;17;12
2021-06-03;31;16;15
2021-06-04;35;18;17
2021-06-05;38;20;18
2021-06-06;38;11;27
2021-06-07;49;19;30
2021-06-08;34;4;30
2021-06-09;25;10;15
2021-06-10;27;15;12
2021-06-11;19;11;8
2021-06-12;8;8;0
2021-06-13;15;15;0
2021-06-14;12;12;0
2021-06-15;11;11;0
2021-06-16;11;11;0
2021-06-17;12;12;0
2021-06-18;21;21;0
2021-06-19;15;15;0
2021-06-20;14;14;0
2021-06-21;13;13;0
2021-06-22;16;16;0
2021-06-23;12;12;0
2021-06-24;11;11;0
2021-06-25;23;10;13
2021-06-26;19;1;18
2021-06-27;33;2;31
2021-06-28;46;11;35
2021-06-29;56;12;44
2021-06-30;54;13;41
2021-07-01;57;17;40
2021-07-02;62;19;43
2021-07-03;60;22;38
2021-07-04;50;28;22
2021-07-05;45;27;18
2021-07-06;49;31;18
2021-07-07;20;20;0
2021-07-08;16;16;0
2021-07-09;11;4;7
2021-07-10;15;3;12
2021-07-11;21;12;9
2021-07-12;23;11;12
2021-07-13;21;13;8
2021-07-14;30;17;13
2021-07-15;22;13;9
2021-07-16;35;13;22
2021-07-17;49;20;29
2021-07-18;48;20;28
2021-07-19;48;33;15
2021-07-20;46;37;9
2021-07-21;72;48;24
2021-07-22;76;42;34
2021-07-23;57;32;25
2021-07-24;32;19;13
2021-07-25;36;18;18
2021-07-26;31;14;17
2021-07-27;18;9;9
2021-07-28;6;0;6
2021-07-29;3;0;3
2021-07-30;0;0;0
2021-07-31;3;3;0
2021-08-01;8;4;4
2021-08-02;13;0;13
2021-08-03;17;0;17
2021-08-04;17;0;17
2021-08-05;22;8;14
2021-08-06;8;8;0
2021-08-07;0;0;0
2021-08-08;0;0;0
2021-08-09;7;7;0
2021-08-10;0;0;0
2021-08-11;18;9;9
2021-08-12;7;7;0
2021-08-13;9;9;0
2021-08-14;19;19;0
2021-08-15;21;21;0
2021-08-16;20;20;0
2021-08-17;15;15;0
2021-08-18;13;13;0
2021-08-19;22;22;0
2021-08-20;12;12;0
2021-08-21;16;16;0
2021-08-22;19;19;0
2021-08-23;16;16;0
2021-08-24;20;16;4
2021-08-25;36;15;21
2021-08-26;48;23;25
2021-08-27;71;27;44
2021-08-28;75;24;51
2021-08-29;51;12;39
2021-08-30;43;12;31
2021-08-31;39;11;28
2021-09-01;38;9;29
2021-09-02;33;0;33
2021-09-03;26;5;21
2021-09-04;71;29;42
2021-09-05;74;20;54
2021-09-06;83;22;61
2021-09-07;84;19;65
2021-09-08;97;15;82
2021-09-09;101;12;89
2021-09-10;96;12;84
2021-09-11;72;9;63
2021-09-12;49;0;49
2021-09-13;33;0;33
2021-09-14;23;0;23
2021-09-15;10;0;10
2021-09-16;0;0;0
2021-09-17;0;0;0
2021-09-18;0;0;0
2021-09-19;13;0;13
2021-09-20;43;28;15
2021-09-21;65;32;33
2021-09-22;81;34;47
2021-09-23;70;41;29
2021-09-24;60;33;27
2021-09-25;45;20;25
2021-09-26;50;15;35
2021-09-27;50;10;40
2021-09-28;57;25;32
2021-09-29;70;33;37
2021-09-30;45;22;23
2021-10-01;38;21;17
2021-10-02;34;19;15
2021-10-03;27;27;0
2021-10-04;35;35;0
2021-10-05;30;30;0
2021-10-06;26;26;0
2021-10-07;16;16;0
2021-10-08;19;19;0
2021-10-09;23;21;2
2021-10-10;38;26;12
2021-10-11;30;19;11
2021-10-12;17;17;0
2021-10-13;20;20;0
2021-10-14;20;20;0
2021-10-15;12;12;0
2021-10-16;11;11;0
2021-10-17;0;0;0
2021-10-18;17;7;10
2021-10-19;13;0;13
2021-10-20;12;0;12
2021-10-21;17;5;12
2021-10-22;36;7;29
2021-10-23;48;6;42
2021-10-24;40;0;40
2021-10-25;66;0;66
2021-10-26;90;0;90
2021-10-27;103;14;89
2021-10-28;97;18;79
2021-10-29;82;24;58
2021-10-30;76;40;36
2021-10-31;65;45;20
2021-11-01;51;35;16
2021-11-02;43;32;11
2021-11-03;33;29;4
2021-11-04;28;28;0
2021-11-05;37;27;10
2021-11-06;34;22;12
2021-11-07;30;15;15
2021-11-08;40;27;13
2021-11-09;44;32;12
2021-11-10;41;29;12
2021-11-11;43;30;13
2021-11-12;36;23;13
2021-11-13;27;11;16
2021-11-14;20;0;20
2021-11-15;24;0;24
2021-11-16;32;10;22
2021-11-17;29;11;18
2021-11-18;23;11;12
2021-11-19;22;11;11
2021-11-20;22;11;11
2021-11-21;23;11;12
2021-11-22;23;12;11
2021-11-23;33;12;21
2021-11-24;43;10;33
2021-11-25;26;0;26
2021-11-26;44;3;41
2021-11-27;41;0;41
2021-11-28;48;9;39
2021-11-29;44;12;32
2021-11-30;59;25;34
2021-12-01;43;17;26
2021-12-02;38;19;19
2021-12-03;29;14;15
2021-12-04;19;14;5
2021-12-05;24;6;18
2021-12-06;13;0;13
2021-12-07;12;0;12
2021-12-08;6;0;6
2021-12-09;0;0;0
2021-12-10;0;0;0
2021-12-11;0;0;0
2021-12-12;13;0;13
2021-12-13;24;7;17
2021-12-14;46;0;46
2021-12-15;78;7;71
2021-12-16;107;17;90
2021-12-17;111;27;84
2021-12-18;109;25;84
2021-12-19;118;24;94
2021-12-20;121;28;93
2021-12-21;132;34;98
2021-12-22;150;46;104
2021-12-23;145;39;106
2021-12-24;118;32;86
2021-12-25;114;35;79
2021-12-26;95;31;64
2021-12-27;107;45;62
2021-12-28;103;47;56
2021-12-29;87;39;48
2021-12-30;69;25;44
2021-12-31;60;9;51
2022-01-01;48;2;46
2022-01-02;27;0;27
2022-01-03;10;0;10
2022-01-04;10;0;10
2022-01-05;23;0;23
2022-01-06;34;0;34
2022-01-07;44;0;44
2022-01-08;44;0;44
2022-01-09;54;7;47
2022-01-10;54;6;48
2022-01-11;51;12;39
2022-01-12;76;19;57
2022-01-13;85;29;56
2022-01-14;98;47;51
2022-01-15;95;59;36
2022-01-16;102;61;41
2022-01-17;80;48;32
2022-01-18;66;35;31
2022-01-19;58;29;29
2022-01-20;57;24;33
2022-01-21;23;0;23
2022-01-22;24;0;24
2022-01-23;20;0;20
2022-01-24;33;22;11
2022-01-25;52;29;23
2022-01-26;69;40;29
2022-01-27;81;52;29
2022-01-28;72;48;24
2022-01-29;66;46;20
2022-01-30;83;59;24
2022-01-31;75;47;28
2022-02-01;77;53;24
2022-02-02;72;58;14
2022-02-03;80;62;18
2022-02-04;100;74;26
2022-02-05;91;67;24
2022-02-06;78;52;26
2022-02-07;76;47;29
2022-02-08;75;45;30
2022-02-09;68;43;25
2022-02-10;72;40;32
2022-02-11;75;29;46
2022-02-12;54;20;34
2022-02-13;46;21;25
2022-02-14;63;32;31
2022-02-15;81;39;42
2022-02-16;87;34;53
2022-02-17;80;24;56
2022-02-18;49;16;33
2022-02-19;42;14;28
2022-02-20;48;24;24
2022-02-21;48;30;18
2022-02-22;38;38;0
2022-02-23;36;36;0
2022-02-24;32;32;0
2022-02-25;23;23;0
2022-02-26;25;25;0
2022-02-27;32;27;5
2022-02-28;56;46;10
2022-03-01;72;55;17
2022-03-02;78;47;31
2022-03-03;88;37;51
2022-03-04;87;25;62
2022-03-05;85;21;64
2022-03-06;79;21;58
2022-03-07;89;16;73
2022-03-08;91;20;71
2022-03-09;89;29;60
2022-03-10;94;33;61
2022-03-11;91;35;56
2022-03-12;91;47;44
2022-03-13;85;53;32
2022-03-14;84;51;33
2022-03-15;75;47;28
2022-03-16;62;52;10
2022-03-17;50;45;5
2022-03-18;35;33;2
2022-03-19;36;21;15
2022-03-20;52;23;29
2022-03-21;51;16;35
2022-03-22;47;6;41
2022-03-23;49;20;29
2022-03-24;51;36;15
2022-03-25;51;36;15
2022-03-26;61;47;14
2022-03-27;96;69;27
2022-03-28;137;84;53
2022-03-29;142;85;57
2022-03-30;115;64;51
2022-03-31;124;60;64
2022-04-01;130;64;66
2022-04-02;121;52;69
2022-04-03;118;38;80
2022-04-04;82;21;61
2022-04-05;86;21;65
2022-04-06;74;16;58
2022-04-07;57;4;53
2022-04-08;53;14;39
2022-04-09;38;15;23
2022-04-10;21;14;7
2022-04-11;11;11;0
2022-04-12;14;14;0
2022-04-13;33;29;4
2022-04-14;41;28;13
2022-04-15;46;30;16
2022-04-16;64;48;16
2022-04-17;86;55;31
2022-04-18;100;64;36
2022-04-19;95;80;15
2022-04-20;99;86;13
2022-04-21;113;97;16
2022-04-22;111;97;14
2022-04-23;126;106;20
2022-04-24;129;108;21
2022-04-25;119;104;15
2022-04-26;132;95;37
2022-04-27;133;89;44
2022-04-28;134;87;47
2022-04-29;105;49;56
2022-04-30;50;17;33
2022-05-01;36;9;27
2022-05-02;32;3;29
2022-05-03;76;12;64
2022-05-04;77;0;77
2022-05-05;78;0;78
2022-05-06;76;0;76
2022-05-07;64;0;64
2022-05-08;80;13;67
2022-05-09;71;4;67
2022-05-10;57;0;57
2022-05-11;80;19;61
2022-05-12;112;32;80
2022-05-13;125;28;97
2022-05-14;131;36;95
2022-05-15;145;47;98
2022-05-16;149;58;91
2022-05-17;146;62;84
2022-05-18;131;60;71
2022-05-19;144;85;59
2022-05-20;132;87;45
2022-05-21;154;109;45
2022-05-22;162;121;41
2022-05-23;144;103;41
2022-05-24;132;84;48
2022-05-25;106;54;52
2022-05-26;81;43;38
2022-05-27;59;22;37
2022-05-28;42;13;29
2022-05-29;43;14;29
2022-05-30;58;28;30
2022-05-31;69;29;40
2022-06-01;62;25;37
2022-06-02;59;21;38
2022-06-03;56;17;39
2022-06-04;66;19;47
2022-06-05;49;4;45
2022-06-06;32;0;32
2022-06-07;7;0;7
2022-06-08;3;0;3
2022-06-09;21;1;20
2022-06-10;46;24;22
2022-06-11;39;20;19
2022-06-12;53;33;20
2022-06-13;94;56;38
2022-06-14;123;66;57
2022-06-15;148;75;73
2022-06-16;150;78;72
2022-06-17;152;89;63
2022-06-18;147;98;49
2022-06-19;118;85;33
2022-06-20;96;75;21
2022-06-21;96;67;29
2022-06-22;89;60;29
2022-06-23;70;42;28
2022-06-24;61;37;24
2022-06-25;47;27;20
2022-06-26;33;16;17
2022-06-27;52;26;26
2022-06-28;62;25;37
2022-06-29;37;13;24
2022-06-30;42;15;27
2022-07-01;58;18;40
2022-07-02;64;11;53
2022-07-03;56;20;36
2022-07-04;59;31;28
2022-07-05;78;54;24
2022-07-06;82;73;9
2022-07-07;97;81;16
2022-07-08;87;70;17
2022-07-09;93;73;20
2022-07-10;107;70;37
2022-07-11;125;75;50
2022-07-12;114;63;51
2022-07-13;116;60;56
2022-07-14;123;60;63
2022-07-15;135;64;71
2022-07-16;151;75;76
2022-07-17;138;71;67
2022-07-18;124;67;57
2022-07-19;111;70;41
2022-07-20;133;88;45
2022-07-21;110;73;37
2022-07-22;98;65;33
2022-07-23;97;56;41
2022-07-24;80;42;38
2022-07-25;86;36;50
2022-07-26;91;36;55
2022-07-27;60;13;47
2022-07-28;42;8;34
2022-07-29;43;8;35
2022-07-30;42;2;40
2022-07-31;34;0;34
2022-08-01;27;5;22
2022-08-02;33;0;33
2022-08-03;36;0;36
2022-08-04;42;0;42
2022-08-05;71;0;71
2022-08-06;72;0;72
2022-08-07;85;26;59
2022-08-08;80;27;53
2022-08-09;61;20;41
2022-08-10;63;15;48
2022-08-11;71;19;52
2022-08-12;102;31;71
2022-08-13;109;46;63
2022-08-14;110;53;57
2022-08-15;110;54;56
2022-08-16;123;55;68
2022-08-17;111;49;62
2022-08-18;87;34;53
2022-08-19;83;35;48
2022-08-20;74;29;45
2022-08-21;58;41;17
2022-08-22;71;53;18
2022-08-23;50;27;23
2022-08-24;60;23;37
2022-08-25;93;27;66
2022-08-26;94;16;78
2022-08-27;94;14;80
2022-08-28;83;11;72
2022-08-29;70;10;60
2022-08-30;48;0;48
2022-08-31;43;10;33
2022-09-01;62;8;54
2022-09-02;63;4;59
2022-09-03;68;12;56
2022-09-04;72;13;59
2022-09-05;83;21;62
2022-09-06;75;37;38
2022-09-07;96;55;41
2022-09-08;97;65;32
2022-09-09;103;74;29
2022-09-10;117;77;40
2022-09-11;128;91;37
2022-09-12;141;88;53
2022-09-13;118;60;58
2022-09-14;91;39;52
2022-09-15;101;33;68
2022-09-16;92;16;76
2022-09-17;86;2;84
2022-09-18;73;0;73
2022-09-19;70;0;70
2022-09-20;68;0;68
2022-09-21;84;0;84
2022-09-22;105;18;87
2022-09-23;131;32;99
2022-09-24;147;43;104
2022-09-25;135;45;90
2022-09-26;132;39;93
2022-09-27;108;39;69
2022-09-28;85;33;52
2022-09-29;72;31;41
2022-09-30;76;44;32
2022-10-01;110;74;36
2022-10-02;128;105;23
2022-10-03;165;127;38
2022-10-04;167;128;39
2022-10-05;164;127;37
2022-10-06;162;124;38
2022-10-07;163;135;28
2022-10-08;154;139;15
2022-10-09;129;126;3
2022-10-10;120;120;0
2022-10-11;106;102;4
2022-10-12;103;88;15
2022-10-13;83;71;12
2022-10-14;82;61;21
2022-10-15;46;43;3
2022-10-16;75;47;28
2022-10-17;73;33;40
2022-10-18;50;12;38
2022-10-19;49;0;49
2022-10-20;36;0;36
2022-10-21;57;0;57
2022-10-22;70;0;70
2022-10-23;52;0;52
2022-10-24;54;13;41
2022-10-25;78;28;50
2022-10-26;83;32;51
2022-10-27;86;41;45
2022-10-28;89;47;42
2022-10-29;87;66;21
2022-10-30;75;67;8
2022-10-31;63;55;8
2022-11-01;85;56;29
2022-11-02;98;72;26
2022-11-03;78;62;16
2022-11-04;103;89;14
2022-11-05;115;102;13
2022-11-06;96;84;12
2022-11-07;100;86;14
2022-11-08;103;82;21
2022-11-09;98;79;19
2022-11-10;85;77;8
2022-11-11;74;74;0
2022-11-12;88;88;0
2022-11-13;111;111;0
2022-11-14;96;96;0
2022-11-15;86;86;0
2022-11-16;90;70;20
2022-11-17;59;34;25
2022-11-18;57;25;32
2022-11-19;75;40;35
2022-11-20;87;49;38
2022-11-21;77;41;36
2022-11-22;73;28;45
2022-11-23;71;27;44
2022-11-24;76;37;39
2022-11-25;72;35;37
2022-11-26;78;40;38
2022-11-27;72;37;35
2022-11-28;56;33;23
2022-11-29;28;17;11
2022-11-30;28;20;8
2022-12-01;51;24;27
2022-12-02;71;38;33
2022-12-03;75;43;32
2022-12-04;93;65;28
2022-12-05;103;77;26
2022-12-06;119;83;36
2022-12-07;127;96;31
2022-12-08;128;90;38
2022-12-09;111;75;36
2022-12-10;122;74;48
2022-12-11;140;57;83
2022-12-12;157;64;93
2022-12-13;159;68;91
2022-12-14;148;45;103
2022-12-15;141;33;108
2022-12-16;131;30;101
2022-12-17;131;41;90
2022-12-18;127;42;85
2022-12-19;113;44;69
2022-12-20;112;46;66
2022-12-21;100;41;59
2022-12-22;98;57;41
2022-12-23;85;54;31
2022-12-24;93;66;27
2022-12-25;105;67;38
2022-12-26;115;81;34
2022-12-27;94;77;17
2022-12-28;103;72;31
2022-12-29;123;80;43
2022-12-30;124;92;32
2022-12-31;98;80;18
2023-01-01;108;78;30
2023-01-02;109;75;34
2023-01-03;108;68;40
2023-01-04;96;55;41
2023-01-05;112;39;73
2023-01-06;131;27;104
2023-01-07;133;22;111
2023-01-08;135;20;115
2023-01-09;148;35;113
2023-01-10;179;54;125
2023-01-11;168;55;113
2023-01-12;171;59;112
2023-01-13;178;73;105
2023-01-14;189;90;99
2023-01-15;199;78;121
2023-01-16;190;84;106
2023-01-17;188;100;88
2023-01-18;195;116;79
2023-01-19;205;136;69
2023-01-20;206;142;64
2023-01-21;195;134;61
2023-01-22;166;120;46
2023-01-23;162;118;44
2023-01-24;151;119;32
2023-01-25;137;121;16
2023-01-26;110;110;0
2023-01-27;86;86;0
2023-01-28;85;73;12
2023-01-29;79;55;24
2023-01-30;76;30;46
2023-01-31;80;32;48
2023-02-01;72;34;38
2023-02-02;58;26;32
2023-02-03;64;23;41
2023-02-04;71;19;52
2023-02-05;74;16;58
2023-02-06;111;60;51
2023-02-07;107;78;29
2023-02-08;125;87;38
2023-02-09;129;92;37
2023-02-10;163;120;43
2023-02-11;166;112;54
2023-02-12;159;102;57
2023-02-13;177;105;72
2023-02-14;159;87;72
2023-02-15;121;69;52
2023-02-16;91;49;42
2023-02-17;86;49;37
2023-02-18;104;54;50
2023-02-19;107;59;48
2023-02-20;112;74;38
2023-02-21;104;78;26
2023-02-22;86;61;25
2023-02-23;90;65;25
2023-02-24;117;69;48
2023-02-25;127;77;50
2023-02-26;119;66;53
2023-02-27;126;69;57
2023-02-28;91;53;38
2023-03-01;93;64;29
2023-03-02;100;79;21
2023-03-03;119;84;35
2023-03-04;127;86;41
2023-03-05;151;102;49
2023-03-06;185;116;69
2023-03-07;186;115;71
2023-03-08;166;96;70
2023-03-09;156;80;76
2023-03-10;148;70;78
2023-03-11;149;66;83
2023-03-12;136;55;81
2023-03-13;104;27;77
2023-03-14;115;24;91
2023-03-15;107;20;87
2023-03-16;94;13;81
2023-03-17;72;14;58
2023-03-18;44;0;44
2023-03-19;73;17;56
2023-03-20;83;19;64
2023-03-21;96;24;72
2023-03-22;104;23;81
2023-03-23;112;35;77
2023-03-24;149;60;89
2023-03-25;153;69;84
2023-03-26;154;74;80
2023-03-27;158;81;77
2023-03-28;148;81;67
2023-03-29;158;82;76
2023-03-30;108;69;39
2023-03-31;75;55;20
2023-04-01;47;26;21
2023-04-02;44;14;30
2023-04-03;61;17;44
2023-04-04;65;20;45
2023-04-05;53;20;33
2023-04-06;49;9;40
2023-04-07;48;7;41
2023-04-08;48;0;48
2023-04-09;60;13;47
2023-04-10;90;40;50
2023-04-11;109;49;60
2023-04-12;130;55;75
2023-04-13;150;38;112
2023-04-14;163;43;120
2023-04-15;177;62;115
2023-04-16;183;65;118
2023-04-17;149;45;104
2023-04-18;135;41;94
2023-04-19;103;34;69
2023-04-20;103;38;65
2023-04-21;104;37;67
2023-04-22;97;29;68
2023-04-23;83;22;61
2023-04-24;73;15;58
2023-04-25;73;18;55
2023-04-26;97;55;42
2023-04-27;109;57;52
2023-04-28;111;53;58
2023-04-29;111;58;53
2023-04-30;102;43;59
2023-05-01;104;63;41
2023-05-02;123;79;44
2023-05-03;124;87;37
2023-05-04;138;95;43
2023-05-05;115;81;34
2023-05-06;116;79;37
2023-05-07;133;91;42
2023-05-08;128;91;37
2023-05-09;176;142;34
2023-05-10;165;131;34
2023-05-11;157;130;27
2023-05-12;145;127;18
2023-05-13;133;106;27
2023-05-14;131;98;33
2023-05-15;113;82;31
2023-05-16;106;78;28
2023-05-17;110;73;37
2023-05-18;120;76;44
2023-05-19;142;95;47
2023-05-20;144;108;36
2023-05-21;146;108;38
2023-05-22;136;93;43
2023-05-23;127;74;53
2023-05-24;151;78;73
2023-05-25;150;72;78
2023-05-26;145;76;69
2023-05-27;137;74;63
2023-05-28;144;79;65
2023-05-29;158;99;59
2023-05-30;166;104;62
2023-05-31;177;88;89
2023-06-01;153;65;88
2023-06-02;145;62;83
2023-06-03;143;69;74
2023-06-04;144;59;85
2023-06-05;158;63;95
2023-06-06;185;87;98
2023-06-07;198;89;109
2023-06-08;181;65;116
2023-06-09;167;58;109
2023-06-10;148;44;104
2023-06-11;146;46;100
2023-06-12;114;33;81
2023-06-13;93;35;58
2023-06-14;117;41;76
2023-06-15;122;45;77
2023-06-16;131;44;87
2023-06-17;130;27;103
2023-06-18;160;51;109
2023-06-19;182;60;122
2023-06-20;206;88;118
2023-06-21;217;110;107
2023-06-22;240;134;106
2023-06-23;228;121;107
2023-06-24;223;137;86
2023-06-25;204;131;73
2023-06-26;171;105;66
2023-06-27;156;98;58
2023-06-28;136;88;48
2023-06-29;111;83;28
2023-06-30;106;62;44
2023-07-01;136;62;74
2023-07-02;148;58;90
2023-07-03;154;62;92
2023-07-04;140;61;79
2023-07-05;135;49;86
2023-07-06;145;48;97
2023-07-07;159;56;103
2023-07-08;177;77;100
2023-07-09;180;84;96
2023-07-10;191;83;108
2023-07-11;210;93;117
2023-07-12;196;90;106
2023-07-13;152;79;73
2023-07-14;152;71;81
2023-07-15;127;68;59
2023-07-16;166;106;60
2023-07-17;159;104;55
2023-07-18;168;102;66
2023-07-19;165;109;56
2023-07-20;177;123;54
2023-07-21;150;109;41
2023-07-22;140;101;39
2023-07-23;144;91;53
2023-07-24;140;76;64
2023-07-25;138;74;64
2023-07-26;153;80;73
2023-07-27;146;76;70
2023-07-28;165;68;97
2023-07-29;178;70;108
2023-07-30;181;81;100
2023-07-31;187;99;88
2023-08-01;180;93;87
2023-08-02;163;86;77
2023-08-03;145;87;58
2023-08-04;132;86;46
2023-08-05;131;96;35
2023-08-06;122;90;32
2023-08-07;126;94;32
2023-08-08;123;74;49
2023-08-09;102;59;43
2023-08-10;109;64;45
2023-08-11;105;66;39
2023-08-12;80;59;21
2023-08-13;101;64;37
2023-08-14;118;87;31
2023-08-15;122;74;48
2023-08-16;148;87;61
2023-08-17;145;89;56
2023-08-18;124;81;43
2023-08-19;130;81;49
2023-08-20;101;60;41
2023-08-21;110;67;43
2023-08-22;114;61;53
2023-08-23;105;63;42
2023-08-24;92;68;24
2023-08-25;90;60;30
2023-08-26;91;60;31
2023-08-27;84;51;33
2023-08-28;82;43;39
2023-08-29;90;41;49
2023-08-30;104;54;50
2023-08-31;89;38;51
2023-09-01;86;33;53
2023-09-02;82;38;44
2023-09-03;91;42;49
2023-09-04;102;66;36
2023-09-05;115;81;34
2023-09-06;120;101;19
2023-09-07;132;111;21
2023-09-08;117;106;11
2023-09-09;133;108;25
2023-09-10;173;119;54
2023-09-11;190;124;66
2023-09-12;145;94;51
2023-09-13;131;89;42
2023-09-14;134;97;37
2023-09-15;109;88;21
2023-09-16;88;74;14
2023-09-17;89;77;12
2023-09-18;127;100;27
2023-09-19;149;109;40
2023-09-20;170;123;47
2023-09-21;194;139;55
2023-09-22;200;137;63
2023-09-23;196;130;66
2023-09-24;176;112;64
2023-09-25;169;91;78
2023-09-26;140;72;68
2023-09-27;133;65;68
2023-09-28;116;60;56
2023-09-29;103;54;49
2023-09-30;117;68;49
2023-10-01;151;94;57
2023-10-02;168;108;60
2023-10-03;144;99;45
2023-10-04;154;91;63
2023-10-05;159;97;62
2023-10-06;158;113;45
2023-10-07;134;90;44
2023-10-08;144;92;52
2023-10-09;153;75;78
2023-10-10;132;62;70
2023-10-11;145;88;57
2023-10-12;137;81;56
2023-10-13;113;72;41
2023-10-14;111;74;37
2023-10-15;104;75;29
2023-10-16;97;67;30
2023-10-17;74;50;24
2023-10-18;66;52;14
2023-10-19;57;38;19
2023-10-20;67;54;13
2023-10-21;68;54;14
2023-10-22;55;29;26
2023-10-23;34;14;20
2023-10-24;39;14;25
2023-10-25;33;0;33
2023-10-26;54;19;35
2023-10-27;58;22;36
2023-10-28;49;35;14
2023-10-29;58;35;23
2023-10-30;73;45;28
2023-10-31;107;60;47
2023-11-01;115;59;56
2023-11-02;122;61;61
2023-11-03;121;53;68
2023-11-04;92;41;51
2023-11-05;91;40;51
2023-11-06;77;35;42
2023-11-07;78;38;40
2023-11-08;113;60;53
2023-11-09;99;56;43
2023-11-10;94;37;57
2023-11-11;81;28;53
2023-11-12;82;19;63
2023-11-13;73;15;58
2023-11-14;60;8;52
2023-11-15;33;5;28
2023-11-16;30;5;25
2023-11-17;26;0;26
2023-11-18;32;4;28
2023-11-19;68;46;22
2023-11-20;96;58;38
2023-11-21;153;78;75
2023-11-22;160;89;71
2023-11-23;186;85;101
2023-11-24;167;72;95
2023-11-25;177;78;99
2023-11-26;171;78;93
2023-11-27;158;72;86
2023-11-28;150;60;90
2023-11-29;161;68;93
2023-11-30;148;58;90
2023-12-01;123;49;74
2023-12-02;100;31;69
2023-12-03;104;26;78
2023-12-04;113;18;95
2023-12-05;107;28;79
2023-12-06;134;58;76
2023-12-07;125;55;70
2023-12-08;113;60;53
2023-12-09;127;56;71
2023-12-10;123;62;61
2023-12-11;92;60;32
2023-12-12;96;65;31
2023-12-13;110;72;38
2023-12-14;117;76;41
2023-12-15;114;72;42
2023-12-16;124;78;46
2023-12-17;112;61;51
2023-12-18;138;75;63
2023-12-19;150;89;61
2023-12-20;149;87;62
2023-12-21;152;94;58
2023-12-22;148;96;52
2023-12-23;138;93;45
2023-12-24;117;86;31
2023-12-25;113;79;34
2023-12-26;110;68;42
2023-12-27;76;36;40
2023-12-28;95;37;58
2023-12-29;83;34;49
2023-12-30;65;31;34
2023-12-31;52;21;31
2024-01-01;55;23;32
2024-01-02;68;40;28
2024-01-03;59;54;5
2024-01-04;100;80;20
2024-01-05;119;79;40
2024-01-06;148;98;50
2024-01-07;172;105;67
2024-01-08;162;97;65
2024-01-09;158;84;74
2024-01-10;178;81;97
2024-01-11;186;74;112
2024-01-12;182;70;112
2024-01-13;181;74;107
2024-01-14;161;62;99
2024-01-15;140;44;96
2024-01-16;134;45;89
2024-01-17;147;66;81
2024-01-18;130;63;67
2024-01-19;143;69;74
2024-01-20;134;50;84
2024-01-21;155;64;91
2024-01-22;166;73;93
2024-01-23;148;54;94
2024-01-24;124;49;75
2024-01-25;92;43;49
2024-01-26;83;35;48
2024-01-27;64;30;34
2024-01-28;68;32;36
2024-01-29;74;41;33
2024-01-30;74;37;37
2024-01-31;100;45;55
2024-02-01;117;70;47
2024-02-02;122;76;46
2024-02-03;124;70;54
2024-02-04;135;66;69
2024-02-05;158;69;89
2024-02-06;159;58;101
2024-02-07;148;31;117
2024-02-08;161;36;125
2024-02-09;127;27;100
2024-02-10;151;41;110
2024-02-11;162;48;114
2024-02-12;156;65;91
2024-02-13;136;78;58
2024-02-14;141;73;68
2024-02-15;150;74;76
2024-02-16;139;68;71
2024-02-17;113;55;58
2024-02-18;100;49;51
2024-02-19;73;46;27
2024-02-20;54;40;14
2024-02-21;49;49;0
2024-02-22;56;56;0
2024-02-23;104;69;35
2024-02-24;108;79;29
2024-02-25;115;84;31
2024-02-26;132;100;32
2024-02-27;120;92;28
2024-02-28;130;99;31
2024-02-29;126;96;30
2024-03-01;117;72;45
2024-03-02;96;37;59
2024-03-03;102;37;65
2024-03-04;109;50;59
2024-03-05;110;60;50
2024-03-06;100;52;48
2024-03-07;96;39;57
2024-03-08;102;40;62
2024-03-09;96;38;58
2024-03-10;77;23;54
2024-03-11;74;23;51
2024-03-12;83;35;48
2024-03-13;81;34;47
2024-03-14;68;35;33
2024-03-15;52;23;29
2024-03-16;62;27;35
2024-03-17;73;44;29
2024-03-18;120;63;57
2024-03-19;132;65;67
2024-03-20;123;38;85
2024-03-21;159;58;101
2024-03-22;163;58;105
2024-03-23;154;48;106
2024-03-24;161;55;106
2024-03-25;163;56;107
2024-03-26;138;52;86
2024-03-27;113;36;77
2024-03-28;98;27;71
2024-03-29;79;24;55
2024-03-30;51;19;32
2024-03-31;63;42;21
2024-04-01;31;31;0
2024-04-02;36;36;0
2024-04-03;37;37;0
2024-04-04;49;49;0
2024-04-05;78;62;16
2024-04-06;80;52;28
2024-04-07;83;60;23
2024-04-08;78;56;22
2024-04-09;56;39;17
2024-04-10;56;37;19
2024-04-11;91;61;30
2024-04-12;87;59;28
2024-04-13;121;61;60
2024-04-14;150;94;56
2024-04-15;171;98;73
2024-04-16;185;92;93
2024-04-17;211;99;112
2024-04-18;224;101;123
2024-04-19;242;112;130
2024-04-20;232;87;145
2024-04-21;233;95;138
2024-04-22;266;102;164
2024-04-23;268;110;158
2024-04-24;251;98;153
2024-04-25;211;79;132
2024-04-26;142;64;78
2024-04-27;138;61;77
2024-04-28;117;48;69
2024-04-29;99;49;50
2024-04-30;86;38;48
2024-05-01;119;59;60
2024-05-02;144;82;62
2024-05-03;160;106;54
2024-05-04;186;117;69
2024-05-05;185;109;76
2024-05-06;205;121;84
2024-05-07;192;96;96
2024-05-08;171;75;96
2024-05-09;181;82;99
2024-05-10;172;80;92
2024-05-11;173;76;97
2024-05-12;199;68;131
2024-05-13;244;104;140
2024-05-14;203;105;98
2024-05-15;208;96;112
2024-05-16;213;87;126
2024-05-17;203;59;144
2024-05-18;180;30;150
2024-05-19;181;32;149
2024-05-20;155;10;145
2024-05-21;177;11;166
2024-05-22;165;14;151
2024-05-23;143;12;131
2024-05-24;142;31;111
2024-05-25;112;35;77
2024-05-26;130;59;71
2024-05-27;144;90;54
2024-05-28;164;104;60
2024-05-29;169;123;46
2024-05-30;159;109;50
2024-05-31;156;110;46
2024-06-01;178;113;65
2024-06-02;205;109;96
2024-06-03;213;95;118
2024-06-04;213;82;131
2024-06-05;181;65;116
2024-06-06;158;40;118
2024-06-07;163;33;130
2024-06-08;173;34;139
2024-06-09;154;15;139
2024-06-10;124;14;110
2024-06-11;106;18;88
2024-06-12;124;22;102
2024-06-13;151;41;110
2024-06-14;158;48;110
2024-06-15;148;43;105
2024-06-16;151;50;101
2024-06-17;140;38;102
2024-06-18;133;37;96
2024-06-19;151;52;99
2024-06-20;165;50;115
2024-06-21;150;41;109
2024-06-22;159;37;122
2024-06-23;163;36;127
2024-06-24;153;23;130
2024-06-25;146;19;127
2024-06-26;179;21;158
2024-06-27;174;19;155
2024-06-28;179;18;161
2024-06-29;219;53;166
2024-06-30;212;65;147
2024-07-01;198;67;131
2024-07-02;197;65;132
2024-07-03;178;57;121
2024-07-04;138;55;83
2024-07-05;138;55;83
2024-07-06;128;54;74
2024-07-07;121;52;69
2024-07-08;111;34;77
2024-07-09;143;28;115
2024-07-10;183;38;145
2024-07-11;172;36;136
2024-07-12;162;29;133
2024-07-13;176;29;147
2024-07-14;211;41;170
2024-07-15;242;85;157
2024-07-16;286;114;172
2024-07-17;284;114;170
2024-07-18;290;112;178
2024-07-19;274;107;167
2024-07-20;228;82;146
2024-07-21;219;67;152
2024-07-22;172;49;123
2024-07-23;173;40;133
2024-07-24;173;38;135
2024-07-25;180;41;139
2024-07-26;198;39;159
2024-07-27;210;45;165
2024-07-28;202;48;154
2024-07-29;213;61;152
2024-07-30;231;63;168
2024-07-31;270;71;199
2024-08-01;259;82;177
2024-08-02;241;83;158
2024-08-03;231;85;146
2024-08-04;231;81;150
2024-08-05;214;61;153
2024-08-06;240;61;179
2024-08-07;275;76;199
2024-08-08;285;95;190
2024-08-09;264;85;179
2024-08-10;250;82;168
2024-08-11;245;83;162
2024-08-12;230;85;145
2024-08-13;209;81;128
2024-08-14;178;78;100
2024-08-15;157;67;90
2024-08-16;199;82;117
2024-08-17;198;85;113
2024-08-18;202;91;111
2024-08-19;225;103;122
2024-08-20;217;88;129
2024-08-21;210;75;135
2024-08-22;213;74;139
2024-08-23;214;77;137
2024-08-24;223;75;148
2024-08-25;204;71;133
2024-08-26;220;80;140
2024-08-27;182;59;123
2024-08-28;189;66;123
2024-08-29;153;62;91
2024-08-30;158;44;114
2024-08-31;181;37;144
2024-09-01;170;38;132
2024-09-02;182;43;139
2024-09-03;171;28;143
2024-09-04;169;15;154
2024-09-05;170;16;154
2024-09-06;177;18;159
2024-09-07;168;17;151
2024-09-08;156;35;121
2024-09-09;152;45;107
2024-09-10;141;58;83
2024-09-11;147;51;96
2024-09-12;132;42;90
2024-09-13;109;33;76
2024-09-14;107;29;78
2024-09-15;95;22;73
2024-09-16;132;33;99
2024-09-17;132;37;95
2024-09-18;102;22;80
2024-09-19;105;25;80
2024-09-20;117;37;80
2024-09-21;122;50;72
2024-09-22;129;52;77
2024-09-23;123;35;88
2024-09-24;134;29;105
2024-09-25;129;29;100
2024-09-26;136;28;108
2024-09-27;154;34;120
2024-09-28;154;34;120
2024-09-29;149;25;124
2024-09-30;169;35;134
2024-10-01;212;47;165
2024-10-02;210;62;148
2024-10-03;209;62;147
2024-10-04;211;62;149
2024-10-05;182;52;130
2024-10-06;169;42;127
2024-10-07;163;40;123
2024-10-08;142;32;110
2024-10-09;141;40;101
2024-10-10;141;41;100
2024-10-11;136;41;95
2024-10-12;126;37;89
2024-10-13;137;44;93
2024-10-14;136;30;106
2024-10-15;109;14;95
2024-10-16;119;26;93
2024-10-17;141;32;109
2024-10-18;137;21;116
2024-10-19;133;19;114
2024-10-20;132;26;106
2024-10-21;162;22;140
2024-10-22;119;8;111
2024-10-23;122;1;121
2024-10-24;136;7;129
2024-10-25;178;38;140
2024-10-26;220;48;172
2024-10-27;246;62;184
2024-10-28;246;61;185
2024-10-29;224;78;146
2024-10-30;206;80;126
2024-10-31;213;85;128
2024-11-01;222;89;133
2024-11-02;209;85;124
2024-11-03;207;63;144
2024-11-04;187;48;139
2024-11-05;209;47;162
2024-11-06;208;65;143
2024-11-07;210;43;167
2024-11-08;186;27;159
2024-11-09;161;14;147
2024-11-10;157;12;145
2024-11-11;149;8;141
2024-11-12;115;0;115
2024-11-13;106;0;106
2024-11-14;91;15;76
2024-11-15;70;14;56
2024-11-16;73;12;61
2024-11-17;94;29;65
2024-11-18;113;27;86
2024-11-19;123;31;92
2024-11-20;120;39;81
2024-11-21;115;30;85
2024-11-22;143;20;123
2024-11-23;151;24;127
2024-11-24;171;30;141
2024-11-25;167;28;139
2024-11-26;160;27;133
2024-11-27;205;57;148
2024-11-28;170;35;135
2024-11-29;161;26;135
2024-11-30;121;18;103
2024-12-01;122;22;100
2024-12-02;135;35;100
2024-12-03;123;28;95
2024-12-04;121;33;88
2024-12-05;118;36;82
2024-12-06;104;28;76
2024-12-07;136;31;105
2024-12-08;141;31;110
2024-12-09;116;17;99
2024-12-10;139;38;101
2024-12-11;113;31;82
2024-12-12;106;29;77
2024-12-13;111;30;81
2024-12-14;98;35;63
2024-12-15;103;27;76
2024-12-16;98;17;81
2024-12-17;91;24;67
2024-12-18;111;43;68
2024-12-19;126;34;92
2024-12-20;149;39;110
2024-12-21;164;40;124
2024-12-22;184;42;142
2024-12-23;222;46;176
2024-12-24;217;66;151
2024-12-25;242;75;167
2024-12-26;259;91;168
2024-12-27;258;92;166
2024-12-28;252;99;153
2024-12-29;234;84;150
2024-12-30;218;66;152
2024-12-31;179;52;127
2025-01-01;201;47;154
2025-01-02;184;44;140
2025-01-03;199;45;154
2025-01-04;213;46;167
2025-01-05;196;55;141
2025-01-06;171;45;126
2025-01-07;136;55;81
2025-01-08;119;63;56
2025-01-09;162;91;71
2025-01-10;128;83;45
2025-01-11;109;78;31
2025-01-12;111;79;32
2025-01-13;90;63;27
2025-01-14;78;55;23
2025-01-15;79;52;27
2025-01-16;128;100;28
2025-01-17;151;106;45
2025-01-18;144;95;49
2025-01-19;148;82;66
2025-01-20;180;89;91
2025-01-21;169;81;88
2025-01-22;151;61;90
2025-01-23;174;72;102
2025-01-24;137;53;84
2025-01-25;119;53;66
2025-01-26;107;44;63
2025-01-27;54;21;33
2025-01-28;75;38;37
2025-01-29;82;45;37
2025-01-30;106;66;40
2025-01-31;146;103;43
